937.5 937.5 937.5 0.0 1875.0 0.0 1875.0 0.0 1875.0 0.04000000000000003 0.0
937.5 2812.5 937.5 0.0 1875.0 1875.0 3750.0 0.0 1875.0 0.05200000000000004 0.0
2812.5 937.5 937.5 1875.0 3750.0 0.0 1875.0 0.0 1875.0 0.04900000000000004 0.0
2812.5 2812.5 937.5 1875.0 3750.0 1875.0 3750.0 0.0 1875.0 0.06700000000000005 0.0
937.5 4687.5 937.5 0.0 1875.0 3750.0 5625.0 0.0 1875.0 0.04200000000000003 0.0
937.5 6562.5 937.5 0.0 1875.0 5625.0 7500.0 0.0 1875.0 0.024000000000000014 0.0
937.5 6562.5 2812.5 0.0 1875.0 5625.0 7500.0 1875.0 3750.0 0.19700000000000015 80.0
2812.5 4687.5 937.5 1875.0 3750.0 3750.0 5625.0 0.0 1875.0 0.047000000000000035 0.0
2812.5 6562.5 937.5 1875.0 3750.0 5625.0 7500.0 0.0 1875.0 0.04200000000000003 0.0
4687.5 937.5 937.5 3750.0 5625.0 0.0 1875.0 0.0 1875.0 0.04400000000000003 0.0
6562.5 937.5 937.5 5625.0 7500.0 0.0 1875.0 0.0 1875.0 0.046000000000000034 0.0
4687.5 2812.5 937.5 3750.0 5625.0 1875.0 3750.0 0.0 1875.0 0.06400000000000004 0.0
6562.5 2812.5 937.5 5625.0 7500.0 1875.0 3750.0 0.0 1875.0 0.06200000000000005 0.0
6562.5 2812.5 2812.5 5625.0 7500.0 1875.0 3750.0 1875.0 3750.0 0.16800000000000012 10.0
4687.5 4687.5 937.5 3750.0 5625.0 3750.0 5625.0 0.0 1875.0 0.05300000000000004 0.0
4687.5 6562.5 937.5 3750.0 5625.0 5625.0 7500.0 0.0 1875.0 0.03900000000000003 0.0
6562.5 4687.5 937.5 5625.0 7500.0 3750.0 5625.0 0.0 1875.0 0.04100000000000003 0.0
6562.5 6562.5 937.5 5625.0 7500.0 5625.0 7500.0 0.0 1875.0 0.03900000000000003 0.0
6562.5 6562.5 2812.5 5625.0 7500.0 5625.0 7500.0 1875.0 3750.0 0.19700000000000015 0.0
937.5 8437.5 937.5 0.0 1875.0 7500.0 9375.0 0.0 1875.0 0.017000000000000008 0.0
937.5 8437.5 2812.5 0.0 1875.0 7500.0 9375.0 1875.0 3750.0 0.18400000000000014 0.0
937.5 10312.5 937.5 0.0 1875.0 9375.0 11250.0 0.0 1875.0 0.04900000000000004 0.0
2812.5 8437.5 937.5 1875.0 3750.0 7500.0 9375.0 0.0 1875.0 0.01800000000000001 0.0
2812.5 10312.5 937.5 1875.0 3750.0 9375.0 11250.0 0.0 1875.0 0.02900000000000002 0.0
937.5 12187.5 937.5 0.0 1875.0 11250.0 13125.0 0.0 1875.0 0.027000000000000017 10.0
937.5 14062.5 937.5 0.0 1875.0 13125.0 15000.0 0.0 1875.0 0.035000000000000024 0.0
2812.5 12187.5 937.5 1875.0 3750.0 11250.0 13125.0 0.0 1875.0 0.015000000000000006 0.0
2812.5 14062.5 937.5 1875.0 3750.0 13125.0 15000.0 0.0 1875.0 0.04900000000000004 0.0
2812.5 14062.5 2812.5 1875.0 3750.0 13125.0 15000.0 1875.0 3750.0 0.17600000000000013 10.0
4687.5 8437.5 937.5 3750.0 5625.0 7500.0 9375.0 0.0 1875.0 0.01800000000000001 0.0
4687.5 10312.5 937.5 3750.0 5625.0 9375.0 11250.0 0.0 1875.0 0.04900000000000004 0.0
6562.5 8437.5 937.5 5625.0 7500.0 7500.0 9375.0 0.0 1875.0 0.04200000000000003 0.0
6562.5 10312.5 937.5 5625.0 7500.0 9375.0 11250.0 0.0 1875.0 0.04900000000000004 0.0
4687.5 10312.5 2812.5 3750.0 5625.0 9375.0 11250.0 1875.0 3750.0 0.18300000000000013 20.0
6562.5 10312.5 2812.5 5625.0 7500.0 9375.0 11250.0 1875.0 3750.0 0.18000000000000013 10.0
4687.5 12187.5 937.5 3750.0 5625.0 11250.0 13125.0 0.0 1875.0 0.015000000000000006 0.0
4687.5 14062.5 937.5 3750.0 5625.0 13125.0 15000.0 0.0 1875.0 0.04900000000000004 0.0
6562.5 12187.5 937.5 5625.0 7500.0 11250.0 13125.0 0.0 1875.0 0.03300000000000002 0.0
6562.5 14062.5 937.5 5625.0 7500.0 13125.0 15000.0 0.0 1875.0 0.04300000000000003 0.0
4687.5 14062.5 2812.5 3750.0 5625.0 13125.0 15000.0 1875.0 3750.0 0.17600000000000013 10.0
8437.5 937.5 937.5 7500.0 9375.0 0.0 1875.0 0.0 1875.0 0.046000000000000034 0.0
10312.5 937.5 937.5 9375.0 11250.0 0.0 1875.0 0.0 1875.0 0.05000000000000004 0.0
8437.5 2812.5 937.5 7500.0 9375.0 1875.0 3750.0 0.0 1875.0 0.057000000000000044 0.0
10312.5 2812.5 937.5 9375.0 11250.0 1875.0 3750.0 0.0 1875.0 0.05300000000000004 0.0
8437.5 2812.5 2812.5 7500.0 9375.0 1875.0 3750.0 1875.0 3750.0 0.16800000000000012 0.0
12187.5 937.5 937.5 11250.0 13125.0 0.0 1875.0 0.0 1875.0 0.05300000000000004 0.0
14062.5 937.5 937.5 13125.0 15000.0 0.0 1875.0 0.0 1875.0 0.05500000000000004 0.0
12187.5 2812.5 937.5 11250.0 13125.0 1875.0 3750.0 0.0 1875.0 0.05200000000000004 0.0
14062.5 2812.5 937.5 13125.0 15000.0 1875.0 3750.0 0.0 1875.0 0.059000000000000045 0.0
8437.5 4687.5 937.5 7500.0 9375.0 3750.0 5625.0 0.0 1875.0 0.03200000000000002 0.0
8437.5 6562.5 937.5 7500.0 9375.0 5625.0 7500.0 0.0 1875.0 0.036000000000000025 0.0
10312.5 4687.5 937.5 9375.0 11250.0 3750.0 5625.0 0.0 1875.0 0.05300000000000004 0.0
10312.5 6562.5 937.5 9375.0 11250.0 5625.0 7500.0 0.0 1875.0 0.036000000000000025 0.0
12187.5 4687.5 937.5 11250.0 13125.0 3750.0 5625.0 0.0 1875.0 0.05300000000000004 0.0
12187.5 6562.5 937.5 11250.0 13125.0 5625.0 7500.0 0.0 1875.0 0.036000000000000025 0.0
14062.5 4687.5 937.5 13125.0 15000.0 3750.0 5625.0 0.0 1875.0 0.05300000000000004 0.0
14062.5 6562.5 937.5 13125.0 15000.0 5625.0 7500.0 0.0 1875.0 0.04100000000000003 0.0
14062.5 4687.5 2812.5 13125.0 15000.0 3750.0 5625.0 1875.0 3750.0 0.17500000000000013 10.0
14062.5 6562.5 2812.5 13125.0 15000.0 5625.0 7500.0 1875.0 3750.0 0.16100000000000012 0.0
8437.5 8437.5 937.5 7500.0 9375.0 7500.0 9375.0 0.0 1875.0 0.04000000000000003 0.0
8437.5 10312.5 937.5 7500.0 9375.0 9375.0 11250.0 0.0 1875.0 0.03100000000000002 0.0
10312.5 8437.5 937.5 9375.0 11250.0 7500.0 9375.0 0.0 1875.0 0.048000000000000036 0.0
10312.5 10312.5 937.5 9375.0 11250.0 9375.0 11250.0 0.0 1875.0 0.04000000000000003 0.0
8437.5 12187.5 937.5 7500.0 9375.0 11250.0 13125.0 0.0 1875.0 0.027000000000000017 0.0
8437.5 14062.5 937.5 7500.0 9375.0 13125.0 15000.0 0.0 1875.0 0.023000000000000013 0.0
10312.5 12187.5 937.5 9375.0 11250.0 11250.0 13125.0 0.0 1875.0 0.027000000000000017 0.0
10312.5 14062.5 937.5 9375.0 11250.0 13125.0 15000.0 0.0 1875.0 0.016000000000000007 0.0
8437.5 14062.5 2812.5 7500.0 9375.0 13125.0 15000.0 1875.0 3750.0 0.17600000000000013 10.0
12187.5 8437.5 937.5 11250.0 13125.0 7500.0 9375.0 0.0 1875.0 0.047000000000000035 0.0
12187.5 10312.5 937.5 11250.0 13125.0 9375.0 11250.0 0.0 1875.0 0.04000000000000003 0.0
14062.5 8437.5 937.5 13125.0 15000.0 7500.0 9375.0 0.0 1875.0 0.05300000000000004 0.0
14062.5 10312.5 937.5 13125.0 15000.0 9375.0 11250.0 0.0 1875.0 0.036000000000000025 0.0
14062.5 8437.5 2812.5 13125.0 15000.0 7500.0 9375.0 1875.0 3750.0 0.19500000000000015 0.0
14062.5 10312.5 2812.5 13125.0 15000.0 9375.0 11250.0 1875.0 3750.0 0.18300000000000013 10.0
12187.5 12187.5 937.5 11250.0 13125.0 11250.0 13125.0 0.0 1875.0 0.01800000000000001 10.0
12187.5 14062.5 937.5 11250.0 13125.0 13125.0 15000.0 0.0 1875.0 0.04900000000000004 0.0
14062.5 12187.5 937.5 13125.0 15000.0 11250.0 13125.0 0.0 1875.0 0.04200000000000003 0.0
14062.5 14062.5 937.5 13125.0 15000.0 13125.0 15000.0 0.0 1875.0 0.026000000000000016 0.0
937.5 15937.5 937.5 0.0 1875.0 15000.0 16875.0 0.0 1875.0 0.04000000000000003 0.0
937.5 17812.5 937.5 0.0 1875.0 16875.0 18750.0 0.0 1875.0 0.03300000000000002 0.0
2812.5 15937.5 937.5 1875.0 3750.0 15000.0 16875.0 0.0 1875.0 0.03300000000000002 0.0
2812.5 17812.5 937.5 1875.0 3750.0 16875.0 18750.0 0.0 1875.0 0.03200000000000002 0.0
937.5 19687.5 937.5 0.0 1875.0 18750.0 20625.0 0.0 1875.0 0.02000000000000001 0.0
937.5 21562.5 937.5 0.0 1875.0 20625.0 22500.0 0.0 1875.0 0.037000000000000026 0.0
2812.5 19687.5 937.5 1875.0 3750.0 18750.0 20625.0 0.0 1875.0 0.025000000000000015 0.0
2812.5 21562.5 937.5 1875.0 3750.0 20625.0 22500.0 0.0 1875.0 0.037000000000000026 0.0
4687.5 15937.5 937.5 3750.0 5625.0 15000.0 16875.0 0.0 1875.0 0.012000000000000004 0.0
4687.5 17812.5 937.5 3750.0 5625.0 16875.0 18750.0 0.0 1875.0 0.03100000000000002 0.0
6562.5 15937.5 937.5 5625.0 7500.0 15000.0 16875.0 0.0 1875.0 0.012000000000000004 0.0
6562.5 17812.5 937.5 5625.0 7500.0 16875.0 18750.0 0.0 1875.0 0.03300000000000002 0.0
4687.5 19687.5 937.5 3750.0 5625.0 18750.0 20625.0 0.0 1875.0 0.02000000000000001 0.0
4687.5 21562.5 937.5 3750.0 5625.0 20625.0 22500.0 0.0 1875.0 0.037000000000000026 0.0
6562.5 19687.5 937.5 5625.0 7500.0 18750.0 20625.0 0.0 1875.0 0.02000000000000001 0.0
6562.5 21562.5 937.5 5625.0 7500.0 20625.0 22500.0 0.0 1875.0 0.027000000000000017 0.0
4687.5 21562.5 2812.5 3750.0 5625.0 20625.0 22500.0 1875.0 3750.0 0.19100000000000014 10.0
937.5 23437.5 937.5 0.0 1875.0 22500.0 24375.0 0.0 1875.0 0.04400000000000003 0.0
937.5 25312.5 937.5 0.0 1875.0 24375.0 26250.0 0.0 1875.0 0.003 0.0
2812.5 23437.5 937.5 1875.0 3750.0 22500.0 24375.0 0.0 1875.0 0.007 0.0
2812.5 25312.5 937.5 1875.0 3750.0 24375.0 26250.0 0.0 1875.0 0.01800000000000001 0.0
937.5 27187.5 937.5 0.0 1875.0 26250.0 28125.0 0.0 1875.0 0.016000000000000007 0.0
937.5 29062.5 937.5 0.0 1875.0 28125.0 30000.0 0.0 1875.0 0.024000000000000014 0.0
2812.5 27187.5 937.5 1875.0 3750.0 26250.0 28125.0 0.0 1875.0 0.02000000000000001 0.0
2812.5 29062.5 937.5 1875.0 3750.0 28125.0 30000.0 0.0 1875.0 0.024000000000000014 0.0
4687.5 23437.5 937.5 3750.0 5625.0 22500.0 24375.0 0.0 1875.0 0.010000000000000002 0.0
4687.5 25312.5 937.5 3750.0 5625.0 24375.0 26250.0 0.0 1875.0 0.022000000000000013 0.0
6562.5 23437.5 937.5 5625.0 7500.0 22500.0 24375.0 0.0 1875.0 0.03100000000000002 0.0
6562.5 25312.5 937.5 5625.0 7500.0 24375.0 26250.0 0.0 1875.0 0.03400000000000002 0.0
4687.5 23437.5 2812.5 3750.0 5625.0 22500.0 24375.0 1875.0 3750.0 0.20000000000000015 10.0
6562.5 25312.5 2812.5 5625.0 7500.0 24375.0 26250.0 1875.0 3750.0 0.19900000000000015 10.0
4687.5 27187.5 937.5 3750.0 5625.0 26250.0 28125.0 0.0 1875.0 0.02000000000000001 0.0
6562.5 27187.5 937.5 5625.0 7500.0 26250.0 28125.0 0.0 1875.0 0.02000000000000001 0.0
4687.5 29062.5 937.5 3750.0 5625.0 28125.0 30000.0 0.0 1875.0 0.028000000000000018 0.0
4687.5 29062.5 2812.5 3750.0 5625.0 28125.0 30000.0 1875.0 3750.0 0.20000000000000015 10.0
6562.5 29062.5 937.5 5625.0 7500.0 28125.0 30000.0 0.0 1875.0 0.017000000000000008 0.0
8437.5 15937.5 937.5 7500.0 9375.0 15000.0 16875.0 0.0 1875.0 0.04100000000000003 0.0
8437.5 17812.5 937.5 7500.0 9375.0 16875.0 18750.0 0.0 1875.0 0.037000000000000026 0.0
10312.5 15937.5 937.5 9375.0 11250.0 15000.0 16875.0 0.0 1875.0 0.03000000000000002 0.0
10312.5 17812.5 937.5 9375.0 11250.0 16875.0 18750.0 0.0 1875.0 0.023000000000000013 0.0
10312.5 17812.5 2812.5 9375.0 11250.0 16875.0 18750.0 1875.0 3750.0 0.19600000000000015 0.0
8437.5 19687.5 937.5 7500.0 9375.0 18750.0 20625.0 0.0 1875.0 0.02900000000000002 0.0
8437.5 21562.5 937.5 7500.0 9375.0 20625.0 22500.0 0.0 1875.0 0.027000000000000017 0.0
10312.5 19687.5 937.5 9375.0 11250.0 18750.0 20625.0 0.0 1875.0 0.02900000000000002 0.0
10312.5 21562.5 937.5 9375.0 11250.0 20625.0 22500.0 0.0 1875.0 0.013000000000000005 0.0
10312.5 21562.5 2812.5 9375.0 11250.0 20625.0 22500.0 1875.0 3750.0 0.18400000000000014 10.0
12187.5 15937.5 937.5 11250.0 13125.0 15000.0 16875.0 0.0 1875.0 0.03000000000000002 0.0
12187.5 17812.5 937.5 11250.0 13125.0 16875.0 18750.0 0.0 1875.0 0.037000000000000026 0.0
14062.5 15937.5 937.5 13125.0 15000.0 15000.0 16875.0 0.0 1875.0 0.03000000000000002 0.0
14062.5 17812.5 937.5 13125.0 15000.0 16875.0 18750.0 0.0 1875.0 0.04100000000000003 0.0
14062.5 17812.5 2812.5 13125.0 15000.0 16875.0 18750.0 1875.0 3750.0 0.19800000000000015 10.0
12187.5 19687.5 937.5 11250.0 13125.0 18750.0 20625.0 0.0 1875.0 0.035000000000000024 0.0
12187.5 21562.5 937.5 11250.0 13125.0 20625.0 22500.0 0.0 1875.0 0.017000000000000008 0.0
14062.5 19687.5 937.5 13125.0 15000.0 18750.0 20625.0 0.0 1875.0 0.024000000000000014 0.0
14062.5 21562.5 937.5 13125.0 15000.0 20625.0 22500.0 0.0 1875.0 0.017000000000000008 0.0
12187.5 19687.5 2812.5 11250.0 13125.0 18750.0 20625.0 1875.0 3750.0 0.1510000000000001 0.0
14062.5 21562.5 2812.5 13125.0 15000.0 20625.0 22500.0 1875.0 3750.0 0.19700000000000015 20.0
8437.5 23437.5 937.5 7500.0 9375.0 22500.0 24375.0 0.0 1875.0 0.03100000000000002 0.0
8437.5 25312.5 937.5 7500.0 9375.0 24375.0 26250.0 0.0 1875.0 0.014000000000000005 0.0
10312.5 23437.5 937.5 9375.0 11250.0 22500.0 24375.0 0.0 1875.0 0.03100000000000002 0.0
10312.5 25312.5 937.5 9375.0 11250.0 24375.0 26250.0 0.0 1875.0 0.025000000000000015 10.0
8437.5 23437.5 2812.5 7500.0 9375.0 22500.0 24375.0 1875.0 3750.0 0.19000000000000014 0.0
8437.5 25312.5 2812.5 7500.0 9375.0 24375.0 26250.0 1875.0 3750.0 0.19900000000000015 0.0
10312.5 23437.5 2812.5 9375.0 11250.0 22500.0 24375.0 1875.0 3750.0 0.19000000000000014 10.0
12187.5 23437.5 937.5 11250.0 13125.0 22500.0 24375.0 0.0 1875.0 0.013000000000000005 20.0
12187.5 25312.5 937.5 11250.0 13125.0 24375.0 26250.0 0.0 1875.0 0.025000000000000015 0.0
14062.5 23437.5 937.5 13125.0 15000.0 22500.0 24375.0 0.0 1875.0 0.022000000000000013 0.0
14062.5 25312.5 937.5 13125.0 15000.0 24375.0 26250.0 0.0 1875.0 0.025000000000000015 0.0
12187.5 23437.5 2812.5 11250.0 13125.0 22500.0 24375.0 1875.0 3750.0 0.19000000000000014 0.0
12187.5 25312.5 2812.5 11250.0 13125.0 24375.0 26250.0 1875.0 3750.0 0.19900000000000015 0.0
14062.5 25312.5 2812.5 13125.0 15000.0 24375.0 26250.0 1875.0 3750.0 0.17800000000000013 10.0
8437.5 27187.5 937.5 7500.0 9375.0 26250.0 28125.0 0.0 1875.0 0.03300000000000002 0.0
10312.5 27187.5 937.5 9375.0 11250.0 26250.0 28125.0 0.0 1875.0 0.011000000000000003 0.0
8437.5 27187.5 2812.5 7500.0 9375.0 26250.0 28125.0 1875.0 3750.0 0.17000000000000012 0.0
8437.5 29062.5 937.5 7500.0 9375.0 28125.0 30000.0 0.0 1875.0 0.017000000000000008 0.0
8437.5 29062.5 2812.5 7500.0 9375.0 28125.0 30000.0 1875.0 3750.0 0.19500000000000015 40.0
10312.5 29062.5 937.5 9375.0 11250.0 28125.0 30000.0 0.0 1875.0 0.014000000000000005 0.0
12187.5 27187.5 937.5 11250.0 13125.0 26250.0 28125.0 0.0 1875.0 0.03300000000000002 0.0
14062.5 27187.5 937.5 13125.0 15000.0 26250.0 28125.0 0.0 1875.0 0.03300000000000002 0.0
14062.5 27187.5 2812.5 13125.0 15000.0 26250.0 28125.0 1875.0 3750.0 0.17100000000000012 10.0
12187.5 29062.5 937.5 11250.0 13125.0 28125.0 30000.0 0.0 1875.0 0.014000000000000005 0.0
14062.5 29062.5 937.5 13125.0 15000.0 28125.0 30000.0 0.0 1875.0 0.014000000000000005 0.0
15937.5 937.5 937.5 15000.0 16875.0 0.0 1875.0 0.0 1875.0 0.04400000000000003 0.0
17812.5 937.5 937.5 16875.0 18750.0 0.0 1875.0 0.0 1875.0 0.047000000000000035 0.0
15937.5 2812.5 937.5 15000.0 16875.0 1875.0 3750.0 0.0 1875.0 0.05200000000000004 0.0
17812.5 2812.5 937.5 16875.0 18750.0 1875.0 3750.0 0.0 1875.0 0.05500000000000004 0.0
19687.5 937.5 937.5 18750.0 20625.0 0.0 1875.0 0.0 1875.0 0.047000000000000035 0.0
21562.5 937.5 937.5 20625.0 22500.0 0.0 1875.0 0.0 1875.0 0.04000000000000003 0.0
19687.5 2812.5 937.5 18750.0 20625.0 1875.0 3750.0 0.0 1875.0 0.057000000000000044 0.0
21562.5 2812.5 937.5 20625.0 22500.0 1875.0 3750.0 0.0 1875.0 0.05300000000000004 0.0
21562.5 2812.5 2812.5 20625.0 22500.0 1875.0 3750.0 1875.0 3750.0 0.16900000000000012 0.0
15937.5 4687.5 937.5 15000.0 16875.0 3750.0 5625.0 0.0 1875.0 0.047000000000000035 0.0
15937.5 6562.5 937.5 15000.0 16875.0 5625.0 7500.0 0.0 1875.0 0.04200000000000003 0.0
17812.5 4687.5 937.5 16875.0 18750.0 3750.0 5625.0 0.0 1875.0 0.04400000000000003 10.0
17812.5 6562.5 937.5 16875.0 18750.0 5625.0 7500.0 0.0 1875.0 0.04200000000000003 0.0
19687.5 4687.5 937.5 18750.0 20625.0 3750.0 5625.0 0.0 1875.0 0.04500000000000003 0.0
19687.5 6562.5 937.5 18750.0 20625.0 5625.0 7500.0 0.0 1875.0 0.03900000000000003 0.0
21562.5 4687.5 937.5 20625.0 22500.0 3750.0 5625.0 0.0 1875.0 0.04400000000000003 0.0
21562.5 6562.5 937.5 20625.0 22500.0 5625.0 7500.0 0.0 1875.0 0.037000000000000026 0.0
15937.5 8437.5 937.5 15000.0 16875.0 7500.0 9375.0 0.0 1875.0 0.008 0.0
15937.5 10312.5 937.5 15000.0 16875.0 9375.0 11250.0 0.0 1875.0 0.036000000000000025 0.0
17812.5 8437.5 937.5 16875.0 18750.0 7500.0 9375.0 0.0 1875.0 0.04300000000000003 0.0
17812.5 10312.5 937.5 16875.0 18750.0 9375.0 11250.0 0.0 1875.0 0.037000000000000026 0.0
15937.5 8437.5 2812.5 15000.0 16875.0 7500.0 9375.0 1875.0 3750.0 0.1470000000000001 0.0
17812.5 8437.5 2812.5 16875.0 18750.0 7500.0 9375.0 1875.0 3750.0 0.19500000000000015 0.0
15937.5 12187.5 937.5 15000.0 16875.0 11250.0 13125.0 0.0 1875.0 0.04200000000000003 0.0
15937.5 14062.5 937.5 15000.0 16875.0 13125.0 15000.0 0.0 1875.0 0.023000000000000013 0.0
17812.5 12187.5 937.5 16875.0 18750.0 11250.0 13125.0 0.0 1875.0 0.01900000000000001 0.0
17812.5 14062.5 937.5 16875.0 18750.0 13125.0 15000.0 0.0 1875.0 0.023000000000000013 0.0
19687.5 8437.5 937.5 18750.0 20625.0 7500.0 9375.0 0.0 1875.0 0.04000000000000003 0.0
19687.5 10312.5 937.5 18750.0 20625.0 9375.0 11250.0 0.0 1875.0 0.025000000000000015 0.0
21562.5 8437.5 937.5 20625.0 22500.0 7500.0 9375.0 0.0 1875.0 0.04200000000000003 0.0
21562.5 10312.5 937.5 20625.0 22500.0 9375.0 11250.0 0.0 1875.0 0.025000000000000015 0.0
19687.5 8437.5 2812.5 18750.0 20625.0 7500.0 9375.0 1875.0 3750.0 0.1470000000000001 10.0
21562.5 8437.5 2812.5 20625.0 22500.0 7500.0 9375.0 1875.0 3750.0 0.1470000000000001 10.0
19687.5 12187.5 937.5 18750.0 20625.0 11250.0 13125.0 0.0 1875.0 0.04500000000000003 0.0
19687.5 14062.5 937.5 18750.0 20625.0 13125.0 15000.0 0.0 1875.0 0.016000000000000007 0.0
21562.5 12187.5 937.5 20625.0 22500.0 11250.0 13125.0 0.0 1875.0 0.03200000000000002 0.0
21562.5 14062.5 937.5 20625.0 22500.0 13125.0 15000.0 0.0 1875.0 0.016000000000000007 0.0
23437.5 937.5 937.5 22500.0 24375.0 0.0 1875.0 0.0 1875.0 0.04900000000000004 0.0
25312.5 937.5 937.5 24375.0 26250.0 0.0 1875.0 0.0 1875.0 0.04900000000000004 0.0
23437.5 2812.5 937.5 22500.0 24375.0 1875.0 3750.0 0.0 1875.0 0.05400000000000004 0.0
25312.5 2812.5 937.5 24375.0 26250.0 1875.0 3750.0 0.0 1875.0 0.059000000000000045 0.0
25312.5 2812.5 2812.5 24375.0 26250.0 1875.0 3750.0 1875.0 3750.0 0.19200000000000014 0.0
23437.5 4687.5 937.5 22500.0 24375.0 3750.0 5625.0 0.0 1875.0 0.047000000000000035 0.0
23437.5 6562.5 937.5 22500.0 24375.0 5625.0 7500.0 0.0 1875.0 0.04000000000000003 0.0
25312.5 4687.5 937.5 24375.0 26250.0 3750.0 5625.0 0.0 1875.0 0.03200000000000002 0.0
25312.5 6562.5 937.5 24375.0 26250.0 5625.0 7500.0 0.0 1875.0 0.024000000000000014 10.0
25312.5 6562.5 2812.5 24375.0 26250.0 5625.0 7500.0 1875.0 3750.0 0.16000000000000011 0.0
27187.5 937.5 937.5 26250.0 28125.0 0.0 1875.0 0.0 1875.0 0.04900000000000004 0.0
27187.5 2812.5 937.5 26250.0 28125.0 1875.0 3750.0 0.0 1875.0 0.05400000000000004 0.0
29062.5 937.5 937.5 28125.0 30000.0 0.0 1875.0 0.0 1875.0 0.04900000000000004 0.0
29062.5 2812.5 937.5 28125.0 30000.0 1875.0 3750.0 0.0 1875.0 0.05200000000000004 0.0
27187.5 4687.5 937.5 26250.0 28125.0 3750.0 5625.0 0.0 1875.0 0.028000000000000018 0.0
27187.5 6562.5 937.5 26250.0 28125.0 5625.0 7500.0 0.0 1875.0 0.037000000000000026 0.0
29062.5 4687.5 937.5 28125.0 30000.0 3750.0 5625.0 0.0 1875.0 0.016000000000000007 0.0
29062.5 6562.5 937.5 28125.0 30000.0 5625.0 7500.0 0.0 1875.0 0.04200000000000003 0.0
23437.5 8437.5 937.5 22500.0 24375.0 7500.0 9375.0 0.0 1875.0 0.028000000000000018 0.0
23437.5 10312.5 937.5 22500.0 24375.0 9375.0 11250.0 0.0 1875.0 0.05200000000000004 0.0
25312.5 8437.5 937.5 24375.0 26250.0 7500.0 9375.0 0.0 1875.0 0.04200000000000003 0.0
25312.5 10312.5 937.5 24375.0 26250.0 9375.0 11250.0 0.0 1875.0 0.03100000000000002 0.0
23437.5 8437.5 2812.5 22500.0 24375.0 7500.0 9375.0 1875.0 3750.0 0.1470000000000001 0.0
25312.5 8437.5 2812.5 24375.0 26250.0 7500.0 9375.0 1875.0 3750.0 0.1470000000000001 0.0
23437.5 10312.5 2812.5 22500.0 24375.0 9375.0 11250.0 1875.0 3750.0 0.17100000000000012 10.0
25312.5 10312.5 2812.5 24375.0 26250.0 9375.0 11250.0 1875.0 3750.0 0.18000000000000013 0.0
23437.5 12187.5 937.5 22500.0 24375.0 11250.0 13125.0 0.0 1875.0 0.035000000000000024 0.0
23437.5 14062.5 937.5 22500.0 24375.0 13125.0 15000.0 0.0 1875.0 0.023000000000000013 0.0
25312.5 12187.5 937.5 24375.0 26250.0 11250.0 13125.0 0.0 1875.0 0.035000000000000024 0.0
25312.5 14062.5 937.5 24375.0 26250.0 13125.0 15000.0 0.0 1875.0 0.02900000000000002 0.0
27187.5 8437.5 937.5 26250.0 28125.0 7500.0 9375.0 0.0 1875.0 0.03000000000000002 0.0
27187.5 10312.5 937.5 26250.0 28125.0 9375.0 11250.0 0.0 1875.0 0.03100000000000002 0.0
27187.5 8437.5 2812.5 26250.0 28125.0 7500.0 9375.0 1875.0 3750.0 0.1470000000000001 0.0
29062.5 8437.5 937.5 28125.0 30000.0 7500.0 9375.0 0.0 1875.0 0.03000000000000002 0.0
29062.5 8437.5 2812.5 28125.0 30000.0 7500.0 9375.0 1875.0 3750.0 0.1470000000000001 0.0
29062.5 10312.5 937.5 28125.0 30000.0 9375.0 11250.0 0.0 1875.0 0.03100000000000002 0.0
29062.5 10312.5 2812.5 28125.0 30000.0 9375.0 11250.0 1875.0 3750.0 0.18000000000000013 0.0
27187.5 12187.5 937.5 26250.0 28125.0 11250.0 13125.0 0.0 1875.0 0.035000000000000024 0.0
27187.5 14062.5 937.5 26250.0 28125.0 13125.0 15000.0 0.0 1875.0 0.04900000000000004 0.0
29062.5 12187.5 937.5 28125.0 30000.0 11250.0 13125.0 0.0 1875.0 0.035000000000000024 0.0
29062.5 14062.5 937.5 28125.0 30000.0 13125.0 15000.0 0.0 1875.0 0.04400000000000003 0.0
15937.5 15937.5 937.5 15000.0 16875.0 15000.0 16875.0 0.0 1875.0 0.04000000000000003 0.0
15937.5 17812.5 937.5 15000.0 16875.0 16875.0 18750.0 0.0 1875.0 0.004 0.0
17812.5 15937.5 937.5 16875.0 18750.0 15000.0 16875.0 0.0 1875.0 0.02900000000000002 0.0
17812.5 17812.5 937.5 16875.0 18750.0 16875.0 18750.0 0.0 1875.0 0.017000000000000008 0.0
15937.5 17812.5 2812.5 15000.0 16875.0 16875.0 18750.0 1875.0 3750.0 0.08400000000000006 10.0
17812.5 15937.5 2812.5 16875.0 18750.0 15000.0 16875.0 1875.0 3750.0 0.18200000000000013 0.0
17812.5 17812.5 2812.5 16875.0 18750.0 16875.0 18750.0 1875.0 3750.0 0.08400000000000006 90.0
15937.5 19687.5 937.5 15000.0 16875.0 18750.0 20625.0 0.0 1875.0 0.036000000000000025 0.0
15937.5 21562.5 937.5 15000.0 16875.0 20625.0 22500.0 0.0 1875.0 0.017000000000000008 0.0
17812.5 19687.5 937.5 16875.0 18750.0 18750.0 20625.0 0.0 1875.0 0.036000000000000025 0.0
17812.5 21562.5 937.5 16875.0 18750.0 20625.0 22500.0 0.0 1875.0 0.02900000000000002 0.0
15937.5 19687.5 2812.5 15000.0 16875.0 18750.0 20625.0 1875.0 3750.0 0.1510000000000001 0.0
19687.5 15937.5 937.5 18750.0 20625.0 15000.0 16875.0 0.0 1875.0 0.025000000000000015 0.0
19687.5 17812.5 937.5 18750.0 20625.0 16875.0 18750.0 0.0 1875.0 0.02000000000000001 0.0
21562.5 15937.5 937.5 20625.0 22500.0 15000.0 16875.0 0.0 1875.0 0.017000000000000008 0.0
21562.5 17812.5 937.5 20625.0 22500.0 16875.0 18750.0 0.0 1875.0 0.02000000000000001 0.0
19687.5 17812.5 2812.5 18750.0 20625.0 16875.0 18750.0 1875.0 3750.0 0.08400000000000006 10.0
19687.5 19687.5 937.5 18750.0 20625.0 18750.0 20625.0 0.0 1875.0 0.013000000000000005 0.0
19687.5 21562.5 937.5 18750.0 20625.0 20625.0 22500.0 0.0 1875.0 0.01900000000000001 0.0
21562.5 19687.5 937.5 20625.0 22500.0 18750.0 20625.0 0.0 1875.0 0.04300000000000003 0.0
21562.5 21562.5 937.5 20625.0 22500.0 20625.0 22500.0 0.0 1875.0 0.037000000000000026 0.0
19687.5 19687.5 2812.5 18750.0 20625.0 18750.0 20625.0 1875.0 3750.0 0.1510000000000001 0.0
21562.5 19687.5 2812.5 20625.0 22500.0 18750.0 20625.0 1875.0 3750.0 0.1510000000000001 10.0
21562.5 21562.5 2812.5 20625.0 22500.0 20625.0 22500.0 1875.0 3750.0 0.19600000000000015 0.0
15937.5 23437.5 937.5 15000.0 16875.0 22500.0 24375.0 0.0 1875.0 0.02000000000000001 0.0
15937.5 25312.5 937.5 15000.0 16875.0 24375.0 26250.0 0.0 1875.0 0.025000000000000015 0.0
17812.5 23437.5 937.5 16875.0 18750.0 22500.0 24375.0 0.0 1875.0 0.027000000000000017 0.0
17812.5 25312.5 937.5 16875.0 18750.0 24375.0 26250.0 0.0 1875.0 0.025000000000000015 0.0
15937.5 25312.5 2812.5 15000.0 16875.0 24375.0 26250.0 1875.0 3750.0 0.17900000000000013 0.0
17812.5 25312.5 2812.5 16875.0 18750.0 24375.0 26250.0 1875.0 3750.0 0.16500000000000012 10.0
19687.5 23437.5 937.5 18750.0 20625.0 22500.0 24375.0 0.0 1875.0 0.024000000000000014 0.0
19687.5 25312.5 937.5 18750.0 20625.0 24375.0 26250.0 0.0 1875.0 0.025000000000000015 0.0
21562.5 23437.5 937.5 20625.0 22500.0 22500.0 24375.0 0.0 1875.0 0.022000000000000013 0.0
21562.5 25312.5 937.5 20625.0 22500.0 24375.0 26250.0 0.0 1875.0 0.015000000000000006 0.0
19687.5 25312.5 2812.5 18750.0 20625.0 24375.0 26250.0 1875.0 3750.0 0.19800000000000015 0.0
21562.5 25312.5 2812.5 20625.0 22500.0 24375.0 26250.0 1875.0 3750.0 0.16500000000000012 0.0
15937.5 27187.5 937.5 15000.0 16875.0 26250.0 28125.0 0.0 1875.0 0.028000000000000018 0.0
17812.5 27187.5 937.5 16875.0 18750.0 26250.0 28125.0 0.0 1875.0 0.016000000000000007 0.0
15937.5 27187.5 2812.5 15000.0 16875.0 26250.0 28125.0 1875.0 3750.0 0.19200000000000014 10.0
17812.5 27187.5 2812.5 16875.0 18750.0 26250.0 28125.0 1875.0 3750.0 0.19200000000000014 10.0
15937.5 29062.5 937.5 15000.0 16875.0 28125.0 30000.0 0.0 1875.0 0.014000000000000005 0.0
15937.5 29062.5 2812.5 15000.0 16875.0 28125.0 30000.0 1875.0 3750.0 0.16200000000000012 0.0
17812.5 29062.5 937.5 16875.0 18750.0 28125.0 30000.0 0.0 1875.0 0.011000000000000003 0.0
19687.5 27187.5 937.5 18750.0 20625.0 26250.0 28125.0 0.0 1875.0 0.016000000000000007 0.0
21562.5 27187.5 937.5 20625.0 22500.0 26250.0 28125.0 0.0 1875.0 0.009000000000000001 0.0
21562.5 27187.5 2812.5 20625.0 22500.0 26250.0 28125.0 1875.0 3750.0 0.1560000000000001 20.0
19687.5 29062.5 937.5 18750.0 20625.0 28125.0 30000.0 0.0 1875.0 0.011000000000000003 0.0
19687.5 29062.5 2812.5 18750.0 20625.0 28125.0 30000.0 1875.0 3750.0 0.18400000000000014 10.0
21562.5 29062.5 937.5 20625.0 22500.0 28125.0 30000.0 0.0 1875.0 0.023000000000000013 0.0
23437.5 15937.5 937.5 22500.0 24375.0 15000.0 16875.0 0.0 1875.0 0.04900000000000004 0.0
23437.5 17812.5 937.5 22500.0 24375.0 16875.0 18750.0 0.0 1875.0 0.027000000000000017 0.0
25312.5 15937.5 937.5 24375.0 26250.0 15000.0 16875.0 0.0 1875.0 0.048000000000000036 0.0
25312.5 17812.5 937.5 24375.0 26250.0 16875.0 18750.0 0.0 1875.0 0.04300000000000003 0.0
23437.5 19687.5 937.5 22500.0 24375.0 18750.0 20625.0 0.0 1875.0 0.037000000000000026 10.0
23437.5 21562.5 937.5 22500.0 24375.0 20625.0 22500.0 0.0 1875.0 0.04400000000000003 0.0
25312.5 19687.5 937.5 24375.0 26250.0 18750.0 20625.0 0.0 1875.0 0.03900000000000003 0.0
25312.5 21562.5 937.5 24375.0 26250.0 20625.0 22500.0 0.0 1875.0 0.02000000000000001 10.0
23437.5 19687.5 2812.5 22500.0 24375.0 18750.0 20625.0 1875.0 3750.0 0.1510000000000001 10.0
25312.5 19687.5 2812.5 24375.0 26250.0 18750.0 20625.0 1875.0 3750.0 0.1510000000000001 20.0
23437.5 21562.5 2812.5 22500.0 24375.0 20625.0 22500.0 1875.0 3750.0 0.18400000000000014 10.0
27187.5 15937.5 937.5 26250.0 28125.0 15000.0 16875.0 0.0 1875.0 0.035000000000000024 0.0
27187.5 17812.5 937.5 26250.0 28125.0 16875.0 18750.0 0.0 1875.0 0.03200000000000002 0.0
27187.5 17812.5 2812.5 26250.0 28125.0 16875.0 18750.0 1875.0 3750.0 0.19600000000000015 0.0
29062.5 15937.5 937.5 28125.0 30000.0 15000.0 16875.0 0.0 1875.0 0.026000000000000016 0.0
29062.5 17812.5 937.5 28125.0 30000.0 16875.0 18750.0 0.0 1875.0 0.03200000000000002 0.0
27187.5 19687.5 937.5 26250.0 28125.0 18750.0 20625.0 0.0 1875.0 0.024000000000000014 0.0
27187.5 21562.5 937.5 26250.0 28125.0 20625.0 22500.0 0.0 1875.0 0.036000000000000025 0.0
27187.5 19687.5 2812.5 26250.0 28125.0 18750.0 20625.0 1875.0 3750.0 0.1510000000000001 30.0
29062.5 19687.5 937.5 28125.0 30000.0 18750.0 20625.0 0.0 1875.0 0.024000000000000014 0.0
29062.5 19687.5 2812.5 28125.0 30000.0 18750.0 20625.0 1875.0 3750.0 0.1510000000000001 0.0
29062.5 21562.5 937.5 28125.0 30000.0 20625.0 22500.0 0.0 1875.0 0.036000000000000025 0.0
23437.5 23437.5 937.5 22500.0 24375.0 22500.0 24375.0 0.0 1875.0 0.022000000000000013 0.0
23437.5 25312.5 937.5 22500.0 24375.0 24375.0 26250.0 0.0 1875.0 0.025000000000000015 0.0
25312.5 23437.5 937.5 24375.0 26250.0 22500.0 24375.0 0.0 1875.0 0.04300000000000003 0.0
25312.5 25312.5 937.5 24375.0 26250.0 24375.0 26250.0 0.0 1875.0 0.017000000000000008 0.0
23437.5 23437.5 2812.5 22500.0 24375.0 22500.0 24375.0 1875.0 3750.0 0.16800000000000012 10.0
23437.5 25312.5 2812.5 22500.0 24375.0 24375.0 26250.0 1875.0 3750.0 0.16500000000000012 20.0
25312.5 23437.5 2812.5 24375.0 26250.0 22500.0 24375.0 1875.0 3750.0 0.18200000000000013 10.0
25312.5 25312.5 2812.5 24375.0 26250.0 24375.0 26250.0 1875.0 3750.0 0.19700000000000015 10.0
23437.5 27187.5 937.5 22500.0 24375.0 26250.0 28125.0 0.0 1875.0 0.01900000000000001 0.0
25312.5 27187.5 937.5 24375.0 26250.0 26250.0 28125.0 0.0 1875.0 0.01900000000000001 0.0
23437.5 29062.5 937.5 22500.0 24375.0 28125.0 30000.0 0.0 1875.0 0.023000000000000013 0.0
23437.5 29062.5 2812.5 22500.0 24375.0 28125.0 30000.0 1875.0 3750.0 0.16200000000000012 0.0
25312.5 29062.5 937.5 24375.0 26250.0 28125.0 30000.0 0.0 1875.0 0.023000000000000013 0.0
27187.5 23437.5 937.5 26250.0 28125.0 22500.0 24375.0 0.0 1875.0 0.04300000000000003 0.0
27187.5 25312.5 937.5 26250.0 28125.0 24375.0 26250.0 0.0 1875.0 0.002 0.0
27187.5 25312.5 2812.5 26250.0 28125.0 24375.0 26250.0 1875.0 3750.0 0.19100000000000014 20.0
29062.5 23437.5 937.5 28125.0 30000.0 22500.0 24375.0 0.0 1875.0 0.03000000000000002 0.0
29062.5 25312.5 937.5 28125.0 30000.0 24375.0 26250.0 0.0 1875.0 0.02000000000000001 0.0
27187.5 27187.5 937.5 26250.0 28125.0 26250.0 28125.0 0.0 1875.0 0.01900000000000001 0.0
27187.5 29062.5 937.5 26250.0 28125.0 28125.0 30000.0 0.0 1875.0 0.016000000000000007 10.0
29062.5 27187.5 937.5 28125.0 30000.0 26250.0 28125.0 0.0 1875.0 0.01900000000000001 0.0
29062.5 29062.5 937.5 28125.0 30000.0 28125.0 30000.0 0.0 1875.0 0.016000000000000007 0.0
