1140.625 1218.75 1000.0 1281.25 1000.0 1437.5 0.03 0.0
1140.625 1656.25 1000.0 1281.25 1437.5 1875.0 0.03 0.0
1421.875 1218.75 1281.25 1562.5 1000.0 1437.5 0.03 0.0
1421.875 1656.25 1281.25 1562.5 1437.5 1875.0 0.03 0.0
1140.625 2093.75 1000.0 1281.25 1875.0 2312.5 0.03 0.0
1140.625 2531.25 1000.0 1281.25 2312.5 2750.0 0.03 0.0
1421.875 2531.25 1281.25 1562.5 1875.0 2750.0 0.03 0.0
1703.125 1218.75 1562.5 1843.75 1000.0 1437.5 0.03 0.0
1984.375 1218.75 1843.75 2125.0 1000.0 1437.5 0.03 0.0
1984.375 1656.25 1562.5 2125.0 1437.5 1875.0 0.03 0.0
1703.125 2531.25 1562.5 2125.0 1875.0 2750.0 0.03 0.0
1140.625 2968.75 1000.0 1281.25 2750.0 3187.5 0.03 0.0
1140.625 3406.25 1000.0 1281.25 3187.5 3625.0 0.03 0.0
1421.875 2968.75 1281.25 1562.5 2750.0 3625.0 0.03 0.0
1140.625 3843.75 1000.0 1281.25 3625.0 4062.5 0.03 0.0
1140.625 4281.25 1000.0 1281.25 4062.5 4500.0 0.03 0.0
1421.875 3843.75 1281.25 1562.5 3625.0 4500.0 0.03 0.0
1984.375 3406.25 1562.5 2125.0 2750.0 4500.0 0.03 0.0
2265.625 1218.75 2125.0 2406.25 1000.0 1437.5 0.03 0.0
2546.875 1218.75 2406.25 2687.5 1000.0 1437.5 0.03 0.0
2546.875 1656.25 2125.0 2687.5 1437.5 1875.0 0.03 0.0
2828.125 1218.75 2687.5 2968.75 1000.0 1437.5 0.03 0.0
3109.375 1218.75 2968.75 3250.0 1000.0 1437.5 0.03 0.0
2828.125 1656.25 2687.5 3250.0 1437.5 1875.0 0.03 0.0
2828.125 2531.25 2125.0 3250.0 1875.0 2750.0 0.03 0.0
2828.125 3406.25 2125.0 3250.0 2750.0 4500.0 0.03 0.0
1140.625 4718.75 1000.0 1281.25 4500.0 4937.5 0.03 0.0
1140.625 5156.25 1000.0 1281.25 4937.5 5375.0 0.03 0.0
1421.875 4718.75 1281.25 1562.5 4500.0 5375.0 0.03 0.0
1140.625 5593.75 1000.0 1281.25 5375.0 5812.5 0.03 0.0
1140.625 6031.25 1000.0 1281.25 5812.5 6250.0 0.03 0.0
1421.875 6031.25 1281.25 1562.5 5375.0 6250.0 0.03 0.0
1984.375 6031.25 1562.5 2125.0 4500.0 6250.0 0.03 0.0
1140.625 6468.75 1000.0 1281.25 6250.0 6687.5 0.03 0.0
1140.625 6906.25 1000.0 1281.25 6687.5 7125.0 0.03 0.0
1421.875 6468.75 1281.25 1562.5 6250.0 7125.0 0.03 0.0
1140.625 7343.75 1000.0 1281.25 7125.0 7562.5 0.03 0.0
1140.625 7781.25 1000.0 1281.25 7562.5 8000.0 0.03 0.0
1421.875 7781.25 1281.25 1562.5 7125.0 8000.0 0.03 0.0
1703.125 7781.25 1562.5 2125.0 6250.0 8000.0 0.03 0.0
2265.625 4718.75 2125.0 3250.0 4500.0 8000.0 0.03 0.0
3390.625 1218.75 3250.0 3531.25 1000.0 1437.5 0.03 0.0
3671.875 1218.75 3531.25 3812.5 1000.0 1437.5 0.03 0.0
3390.625 1656.25 3250.0 3812.5 1437.5 1875.0 0.03 0.0
3953.125 1218.75 3812.5 4093.75 1000.0 1437.5 0.03 0.0
4234.375 1218.75 4093.75 4375.0 1000.0 1437.5 0.03 0.0
4234.375 1656.25 3812.5 4375.0 1437.5 1875.0 0.03 0.0
4234.375 2531.25 3250.0 4375.0 1875.0 2750.0 0.03 0.0
4515.625 1218.75 4375.0 4656.25 1000.0 1437.5 0.03 0.0
4796.875 1218.75 4656.25 4937.5 1000.0 1437.5 0.03 0.0
4515.625 1656.25 4375.0 4937.5 1437.5 1875.0 0.03 0.0
5078.125 1218.75 4937.5 5218.75 1000.0 1437.5 0.03 0.0
5359.375 1218.75 5218.75 5500.0 1000.0 1437.5 0.03 0.0
5078.125 1656.25 4937.5 5500.0 1437.5 1875.0 0.03 0.0
4796.875 2531.25 4375.0 5500.0 1875.0 2750.0 0.03 0.0
4796.875 3843.75 3250.0 5500.0 2750.0 4500.0 0.03 0.0
3390.625 5593.75 3250.0 5500.0 4500.0 8000.0 0.03 0.0
1140.625 8218.75 1000.0 1281.25 8000.0 8437.5 0.03 0.0
1140.625 8656.25 1000.0 1281.25 8437.5 8875.0 0.03 0.0
1421.875 8656.25 1281.25 1562.5 8000.0 8875.0 0.03 0.0
1140.625 9093.75 1000.0 1281.25 8875.0 9312.5 0.03 0.0
1140.625 9531.25 1000.0 1281.25 9312.5 9750.0 0.03 0.0
1421.875 9531.25 1281.25 1562.5 8875.0 9750.0 0.03 0.0
1703.125 9093.75 1562.5 2125.0 8000.0 9750.0 0.03 0.0
1140.625 9968.75 1000.0 1281.25 9750.0 10187.5 0.03 0.0
1140.625 10406.25 1000.0 1281.25 10187.5 10625.0 0.03 0.0
1421.875 9968.75 1281.25 1562.5 9750.0 10625.0 0.03 0.0
1140.625 10843.75 1000.0 1281.25 10625.0 11062.5 0.03 0.0
1140.625 11281.25 1000.0 1281.25 11062.5 11500.0 0.03 0.0
1421.875 10843.75 1281.25 1562.5 10625.0 11500.0 0.03 0.0
1984.375 9968.75 1562.5 2125.0 9750.0 11500.0 0.03 0.0
2546.875 9968.75 2125.0 3250.0 8000.0 11500.0 0.03 0.0
1140.625 11718.75 1000.0 1281.25 11500.0 11937.5 0.03 0.0
1140.625 12156.25 1000.0 1281.25 11937.5 12375.0 0.03 0.0
1421.875 11718.75 1281.25 1562.5 11500.0 12375.0 0.03 0.0
1140.625 12593.75 1000.0 1281.25 12375.0 12812.5 0.03 0.0
1140.625 13031.25 1000.0 1281.25 12812.5 13250.0 0.03 0.0
1421.875 13031.25 1281.25 1562.5 12375.0 13250.0 0.03 0.0
1984.375 12593.75 1562.5 2125.0 11500.0 13250.0 0.03 0.0
1140.625 13468.75 1000.0 1281.25 13250.0 13687.5 0.03 0.0
1140.625 13906.25 1000.0 1281.25 13687.5 14125.0 0.03 0.0
1421.875 13906.25 1281.25 1562.5 13250.0 14125.0 0.03 0.0
1140.625 14343.75 1000.0 1281.25 14125.0 14562.5 0.03 0.0
1140.625 14781.25 1000.0 1281.25 14562.5 15000.0 0.03 0.0
1421.875 14343.75 1281.25 1562.5 14125.0 14562.5 0.03 0.0
1421.875 14781.25 1281.25 1562.5 14562.5 15000.0 0.03 0.0
1984.375 13906.25 1562.5 2125.0 13250.0 14125.0 0.03 0.0
1984.375 14343.75 1562.5 2125.0 14125.0 14562.5 0.03 0.0
1703.125 14781.25 1562.5 1843.75 14562.5 15000.0 0.03 0.0
1984.375 14781.25 1843.75 2125.0 14562.5 15000.0 0.03 0.0
2828.125 12593.75 2125.0 3250.0 11500.0 13250.0 0.03 0.0
3109.375 13906.25 2125.0 3250.0 13250.0 14125.0 0.03 0.0
2546.875 14343.75 2125.0 2687.5 14125.0 14562.5 0.03 0.0
2265.625 14781.25 2125.0 2406.25 14562.5 15000.0 0.03 0.0
2546.875 14781.25 2406.25 2687.5 14562.5 15000.0 0.03 0.0
2828.125 14343.75 2687.5 3250.0 14125.0 14562.5 0.03 0.0
2828.125 14781.25 2687.5 2968.75 14562.5 15000.0 0.03 0.0
3109.375 14781.25 2968.75 3250.0 14562.5 15000.0 0.03 0.0
5359.375 10406.25 3250.0 5500.0 8000.0 11500.0 0.03 0.0
3671.875 12156.25 3250.0 5500.0 11500.0 13250.0 0.03 0.0
3671.875 13906.25 3250.0 4375.0 13250.0 14125.0 0.03 0.0
3390.625 14343.75 3250.0 3812.5 14125.0 14562.5 0.03 0.0
3390.625 14781.25 3250.0 3531.25 14562.5 15000.0 0.03 0.0
3671.875 14781.25 3531.25 3812.5 14562.5 15000.0 0.03 0.0
4234.375 14343.75 3812.5 4375.0 14125.0 14562.5 0.03 0.0
3953.125 14781.25 3812.5 4093.75 14562.5 15000.0 0.03 0.0
4234.375 14781.25 4093.75 4375.0 14562.5 15000.0 0.03 0.0
5078.125 13906.25 4375.0 5500.0 13250.0 14125.0 0.03 0.0
4796.875 14343.75 4375.0 4937.5 14125.0 14562.5 0.03 0.0
4515.625 14781.25 4375.0 4656.25 14562.5 15000.0 0.03 0.0
4796.875 14781.25 4656.25 4937.5 14562.5 15000.0 0.03 0.0
5359.375 14343.75 4937.5 5500.0 14125.0 14562.5 0.03 0.0
5078.125 14781.25 4937.5 5218.75 14562.5 15000.0 0.03 0.0
5359.375 14781.25 5218.75 5500.0 14562.5 15000.0 0.03 0.0
5640.625 1218.75 5500.0 5781.25 1000.0 1437.5 0.03 0.0
5921.875 1218.75 5781.25 6062.5 1000.0 1437.5 0.03 0.0
5921.875 1656.25 5500.0 6062.5 1437.5 1875.0 0.03 0.0
6203.125 1218.75 6062.5 6343.75 1000.0 1437.5 0.03 0.0
6484.375 1218.75 6343.75 6625.0 1000.0 1437.5 0.03 0.0
6203.125 1656.25 6062.5 6625.0 1437.5 1875.0 0.03 0.0
5640.625 2531.25 5500.0 6625.0 1875.0 2750.0 0.03 0.0
6765.625 1218.75 6625.0 6906.25 1000.0 1437.5 0.03 0.0
7046.875 1218.75 6906.25 7187.5 1000.0 1437.5 0.03 0.0
7046.875 1656.25 6625.0 7187.5 1437.5 1875.0 0.03 0.0
7328.125 1218.75 7187.5 7468.75 1000.0 1437.5 0.03 0.0
7609.375 1218.75 7468.75 7750.0 1000.0 1437.5 0.03 0.0
7328.125 1656.25 7187.5 7750.0 1437.5 1875.0 0.03 0.0
6765.625 2531.25 6625.0 7750.0 1875.0 2750.0 0.03 0.0
5921.875 2968.75 5500.0 7750.0 2750.0 4500.0 0.03 0.0
6484.375 6468.75 5500.0 7750.0 4500.0 8000.0 0.03 0.0
7890.625 1218.75 7750.0 8031.25 1000.0 1437.5 0.03 0.0
8171.875 1218.75 8031.25 8312.5 1000.0 1437.5 0.03 0.0
8171.875 1656.25 7750.0 8312.5 1437.5 1875.0 0.03 0.0
8453.125 1218.75 8312.5 8593.75 1000.0 1437.5 0.03 0.0
8734.375 1218.75 8593.75 8875.0 1000.0 1437.5 0.03 0.0
8453.125 1656.25 8312.5 8875.0 1437.5 1875.0 0.03 0.0
7890.625 2531.25 7750.0 8875.0 1875.0 2750.0 0.03 0.0
8171.875 3843.75 7750.0 8875.0 2750.0 4500.0 0.03 0.0
9015.625 1218.75 8875.0 9156.25 1000.0 1437.5 0.03 0.0
9296.875 1218.75 9156.25 9437.5 1000.0 1437.5 0.03 0.0
9015.625 1656.25 8875.0 9437.5 1437.5 1875.0 0.03 0.0
9296.875 2531.25 8875.0 9437.5 1875.0 2750.0 0.03 0.0
9578.125 1218.75 9437.5 9718.75 1000.0 1437.5 0.03 0.0
9578.125 1656.25 9437.5 9718.75 1437.5 1875.0 0.03 0.0
9859.375 1218.75 9718.75 10000.0 1000.0 1437.5 0.03 0.0
9859.375 1656.25 9718.75 10000.0 1437.5 1875.0 0.03 0.0
9578.125 2531.25 9437.5 9718.75 1875.0 2750.0 0.03 0.0
9859.375 2093.75 9718.75 10000.0 1875.0 2312.5 0.03 0.0
9859.375 2531.25 9718.75 10000.0 2312.5 2750.0 0.03 0.0
9015.625 3406.25 8875.0 9437.5 2750.0 4500.0 0.03 0.0
9578.125 3406.25 9437.5 9718.75 2750.0 3625.0 0.03 0.0
9859.375 2968.75 9718.75 10000.0 2750.0 3187.5 0.03 0.0
9859.375 3406.25 9718.75 10000.0 3187.5 3625.0 0.03 0.0
9578.125 3843.75 9437.5 9718.75 3625.0 4500.0 0.03 0.0
9859.375 3843.75 9718.75 10000.0 3625.0 4062.5 0.03 0.0
9859.375 4281.25 9718.75 10000.0 4062.5 4500.0 0.03 0.0
8453.125 7343.75 7750.0 8875.0 4500.0 8000.0 0.03 0.0
9015.625 6031.25 8875.0 9437.5 4500.0 6250.0 0.03 0.0
9578.125 4718.75 9437.5 9718.75 4500.0 5375.0 0.03 0.0
9859.375 4718.75 9718.75 10000.0 4500.0 4937.5 0.03 0.0
9859.375 5156.25 9718.75 10000.0 4937.5 5375.0 0.03 0.0
9578.125 5593.75 9437.5 9718.75 5375.0 6250.0 0.03 0.0
9859.375 5593.75 9718.75 10000.0 5375.0 5812.5 0.03 0.0
9859.375 6031.25 9718.75 10000.0 5812.5 6250.0 0.03 0.0
9015.625 6468.75 8875.0 9437.5 6250.0 8000.0 0.03 0.0
9578.125 6468.75 9437.5 9718.75 6250.0 7125.0 0.03 0.0
9859.375 6468.75 9718.75 10000.0 6250.0 6687.5 0.03 0.0
9859.375 6906.25 9718.75 10000.0 6687.5 7125.0 0.03 0.0
9578.125 7781.25 9437.5 9718.75 7125.0 8000.0 0.03 0.0
9859.375 7343.75 9718.75 10000.0 7125.0 7562.5 0.03 0.0
9859.375 7781.25 9718.75 10000.0 7562.5 8000.0 0.03 0.0
7609.375 10406.25 5500.0 7750.0 8000.0 11500.0 0.03 0.0
5921.875 13031.25 5500.0 7750.0 11500.0 13250.0 0.03 0.0
5921.875 13468.75 5500.0 6625.0 13250.0 14125.0 0.03 0.0
5921.875 14343.75 5500.0 6062.5 14125.0 14562.5 0.03 0.0
5640.625 14781.25 5500.0 5781.25 14562.5 15000.0 0.03 0.0
5921.875 14781.25 5781.25 6062.5 14562.5 15000.0 0.03 0.0
6484.375 14343.75 6062.5 6625.0 14125.0 14562.5 0.03 0.0
6203.125 14781.25 6062.5 6343.75 14562.5 15000.0 0.03 0.0
6484.375 14781.25 6343.75 6625.0 14562.5 15000.0 0.03 0.0
7328.125 13468.75 6625.0 7750.0 13250.0 14125.0 0.03 0.0
6765.625 14343.75 6625.0 7187.5 14125.0 14562.5 0.03 0.0
6765.625 14781.25 6625.0 6906.25 14562.5 15000.0 0.03 0.0
7046.875 14781.25 6906.25 7187.5 14562.5 15000.0 0.03 0.0
7609.375 14343.75 7187.5 7750.0 14125.0 14562.5 0.03 0.0
7328.125 14781.25 7187.5 7468.75 14562.5 15000.0 0.03 0.0
7609.375 14781.25 7468.75 7750.0 14562.5 15000.0 0.03 0.0
8171.875 9531.25 7750.0 8875.0 8000.0 11500.0 0.03 0.0
9296.875 8656.25 8875.0 9437.5 8000.0 9750.0 0.03 0.0
9578.125 8656.25 9437.5 9718.75 8000.0 8875.0 0.03 0.0
9859.375 8218.75 9718.75 10000.0 8000.0 8437.5 0.03 0.0
9859.375 8656.25 9718.75 10000.0 8437.5 8875.0 0.03 0.0
9578.125 9531.25 9437.5 9718.75 8875.0 9750.0 0.03 0.0
9859.375 9093.75 9718.75 10000.0 8875.0 9312.5 0.03 0.0
9859.375 9531.25 9718.75 10000.0 9312.5 9750.0 0.03 0.0
9015.625 11281.25 8875.0 9437.5 9750.0 11500.0 0.03 0.0
9578.125 9968.75 9437.5 9718.75 9750.0 10625.0 0.03 0.0
9859.375 9968.75 9718.75 10000.0 9750.0 10187.5 0.03 0.0
9859.375 10406.25 9718.75 10000.0 10187.5 10625.0 0.03 0.0
9578.125 11281.25 9437.5 9718.75 10625.0 11500.0 0.03 0.0
9859.375 10843.75 9718.75 10000.0 10625.0 11062.5 0.03 0.0
9859.375 11281.25 9718.75 10000.0 11062.5 11500.0 0.03 0.0
8453.125 11718.75 7750.0 8875.0 11500.0 13250.0 0.03 0.0
8453.125 13468.75 7750.0 8875.0 13250.0 14125.0 0.03 0.0
8171.875 14343.75 7750.0 8312.5 14125.0 14562.5 0.03 0.0
7890.625 14781.25 7750.0 8031.25 14562.5 15000.0 0.03 0.0
8171.875 14781.25 8031.25 8312.5 14562.5 15000.0 0.03 0.0
8734.375 14343.75 8312.5 8875.0 14125.0 14562.5 0.03 0.0
8453.125 14781.25 8312.5 8593.75 14562.5 15000.0 0.03 0.0
8734.375 14781.25 8593.75 8875.0 14562.5 15000.0 0.03 0.0
9296.875 12593.75 8875.0 9437.5 11500.0 13250.0 0.03 0.0
9578.125 11718.75 9437.5 9718.75 11500.0 12375.0 0.03 0.0
9859.375 11718.75 9718.75 10000.0 11500.0 11937.5 0.03 0.0
9859.375 12156.25 9718.75 10000.0 11937.5 12375.0 0.03 0.0
9578.125 12593.75 9437.5 9718.75 12375.0 13250.0 0.03 0.0
9859.375 12593.75 9718.75 10000.0 12375.0 12812.5 0.03 0.0
9859.375 13031.25 9718.75 10000.0 12812.5 13250.0 0.03 0.0
9296.875 13906.25 8875.0 9437.5 13250.0 14125.0 0.03 0.0
9296.875 14343.75 8875.0 9437.5 14125.0 14562.5 0.03 0.0
9015.625 14781.25 8875.0 9156.25 14562.5 15000.0 0.03 0.0
9296.875 14781.25 9156.25 9437.5 14562.5 15000.0 0.03 0.0
9578.125 13468.75 9437.5 9718.75 13250.0 14125.0 0.03 0.0
9859.375 13468.75 9718.75 10000.0 13250.0 13687.5 0.03 0.0
9859.375 13906.25 9718.75 10000.0 13687.5 14125.0 0.03 0.0
9578.125 14343.75 9437.5 9718.75 14125.0 14562.5 0.03 0.0
9578.125 14781.25 9437.5 9718.75 14562.5 15000.0 0.03 0.0
9859.375 14343.75 9718.75 10000.0 14125.0 14562.5 0.03 0.0
9859.375 14781.25 9718.75 10000.0 14562.5 15000.0 0.03 0.0
