7968.75 1281.25 1437.5 5000.0 10937.5 1000.0 1562.5 1000.0 1875.0 0.03 0.0
7968.75 1281.25 2312.5 5000.0 10937.5 1000.0 1562.5 1875.0 2750.0 0.03 0.0
7968.75 1843.75 1437.5 5000.0 10937.5 1562.5 2125.0 1000.0 1875.0 0.03 0.0
7968.75 1843.75 2312.5 5000.0 10937.5 1562.5 2125.0 1875.0 2750.0 0.03 0.0
13906.25 1281.25 1437.5 10937.5 16875.0 1000.0 1562.5 1000.0 1875.0 0.03 0.0
13906.25 1281.25 2312.5 10937.5 16875.0 1000.0 1562.5 1875.0 2750.0 0.03 0.0
13906.25 1843.75 1437.5 10937.5 16875.0 1562.5 2125.0 1000.0 1875.0 0.03 0.0
13906.25 1843.75 2312.5 10937.5 16875.0 1562.5 2125.0 1875.0 2750.0 0.03 0.0
7968.75 1281.25 3187.5 5000.0 10937.5 1000.0 1562.5 2750.0 3625.0 0.03 0.0
7968.75 1281.25 4062.5 5000.0 10937.5 1000.0 1562.5 3625.0 4500.0 0.03 0.0
7968.75 1843.75 3187.5 5000.0 10937.5 1562.5 2125.0 2750.0 3625.0 0.03 0.0
7968.75 1843.75 4062.5 5000.0 10937.5 1562.5 2125.0 3625.0 4500.0 0.03 0.0
13906.25 1281.25 3187.5 10937.5 16875.0 1000.0 1562.5 2750.0 3625.0 0.03 0.0
13906.25 1281.25 4062.5 10937.5 16875.0 1000.0 1562.5 3625.0 4500.0 0.03 0.0
13906.25 1843.75 3187.5 10937.5 16875.0 1562.5 2125.0 2750.0 4500.0 0.03 0.0
7968.75 2406.25 2312.5 5000.0 10937.5 2125.0 2687.5 1875.0 2750.0 0.03 0.0
13906.25 2406.25 2312.5 10937.5 16875.0 2125.0 2687.5 1875.0 2750.0 0.03 0.0
7968.75 2406.25 3187.5 5000.0 10937.5 2125.0 2687.5 2750.0 3625.0 0.03 0.0
7968.75 2406.25 4062.5 5000.0 10937.5 2125.0 2687.5 3625.0 4500.0 0.03 0.0
13906.25 2406.25 3187.5 10937.5 16875.0 2125.0 2687.5 2750.0 3625.0 0.03 0.0
13906.25 2406.25 4062.5 10937.5 16875.0 2125.0 2687.5 3625.0 4500.0 0.03 0.0
19843.75 1281.25 1437.5 16875.0 22812.5 1000.0 1562.5 1000.0 1875.0 0.03 0.0
19843.75 1281.25 2312.5 16875.0 22812.5 1000.0 1562.5 1875.0 2750.0 0.03 0.0
25781.25 1281.25 1437.5 22812.5 28750.0 1000.0 1562.5 1000.0 1875.0 0.03 0.0
25781.25 1281.25 2312.5 22812.5 28750.0 1000.0 1562.5 1875.0 2750.0 0.03 0.0
19843.75 1843.75 1437.5 16875.0 22812.5 1562.5 2125.0 1000.0 1875.0 0.03 0.0
25781.25 1843.75 1437.5 22812.5 28750.0 1562.5 2125.0 1000.0 1875.0 0.03 0.0
25781.25 1843.75 2312.5 16875.0 28750.0 1562.5 2125.0 1875.0 2750.0 0.03 0.0
19843.75 1281.25 3187.5 16875.0 22812.5 1000.0 1562.5 2750.0 3625.0 0.03 0.0
19843.75 1281.25 4062.5 16875.0 22812.5 1000.0 1562.5 3625.0 4500.0 0.03 0.0
25781.25 1281.25 3187.5 22812.5 28750.0 1000.0 1562.5 2750.0 3625.0 0.03 0.0
25781.25 1281.25 4062.5 22812.5 28750.0 1000.0 1562.5 3625.0 4500.0 0.03 0.0
25781.25 1843.75 3187.5 16875.0 28750.0 1562.5 2125.0 2750.0 4500.0 0.03 0.0
19843.75 2406.25 2312.5 16875.0 22812.5 2125.0 2687.5 1875.0 2750.0 0.03 0.0
25781.25 2406.25 2312.5 22812.5 28750.0 2125.0 2687.5 1875.0 2750.0 0.03 0.0
19843.75 2406.25 3187.5 16875.0 22812.5 2125.0 2687.5 2750.0 3625.0 0.03 0.0
19843.75 2406.25 4062.5 16875.0 22812.5 2125.0 2687.5 3625.0 4500.0 0.03 0.0
25781.25 2406.25 3187.5 22812.5 28750.0 2125.0 2687.5 2750.0 3625.0 0.03 0.0
25781.25 2406.25 4062.5 22812.5 28750.0 2125.0 2687.5 3625.0 4500.0 0.03 0.0
7968.75 1281.25 4937.5 5000.0 10937.5 1000.0 1562.5 4500.0 5375.0 0.03 0.0
7968.75 1281.25 5812.5 5000.0 10937.5 1000.0 1562.5 5375.0 6250.0 0.03 0.0
7968.75 1843.75 4937.5 5000.0 10937.5 1562.5 2125.0 4500.0 5375.0 0.03 0.0
7968.75 1843.75 5812.5 5000.0 10937.5 1562.5 2125.0 5375.0 6250.0 0.03 0.0
13906.25 1281.25 4937.5 10937.5 16875.0 1000.0 1562.5 4500.0 5375.0 0.03 0.0
13906.25 1281.25 5812.5 10937.5 16875.0 1000.0 1562.5 5375.0 6250.0 0.03 0.0
13906.25 1843.75 5812.5 10937.5 16875.0 1562.5 2125.0 4500.0 6250.0 0.03 0.0
7968.75 1281.25 6687.5 5000.0 10937.5 1000.0 1562.5 6250.0 7125.0 0.03 0.0
7968.75 1281.25 7562.5 5000.0 10937.5 1000.0 1562.5 7125.0 8000.0 0.03 0.0
7968.75 1843.75 6687.5 5000.0 10937.5 1562.5 2125.0 6250.0 7125.0 0.03 0.0
7968.75 1843.75 7562.5 5000.0 10937.5 1562.5 2125.0 7125.0 8000.0 0.03 0.0
13906.25 1281.25 6687.5 10937.5 16875.0 1000.0 1562.5 6250.0 7125.0 0.03 0.0
13906.25 1281.25 7562.5 10937.5 16875.0 1000.0 1562.5 7125.0 8000.0 0.03 0.0
13906.25 1843.75 6687.5 10937.5 16875.0 1562.5 2125.0 6250.0 8000.0 0.03 0.0
7968.75 2406.25 4937.5 5000.0 10937.5 2125.0 2687.5 4500.0 5375.0 0.03 0.0
7968.75 2406.25 5812.5 5000.0 10937.5 2125.0 2687.5 5375.0 6250.0 0.03 0.0
13906.25 2406.25 4937.5 10937.5 16875.0 2125.0 2687.5 4500.0 5375.0 0.03 0.0
13906.25 2406.25 5812.5 10937.5 16875.0 2125.0 2687.5 5375.0 6250.0 0.03 0.0
7968.75 2406.25 6687.5 5000.0 10937.5 2125.0 2687.5 6250.0 7125.0 0.03 0.0
7968.75 2406.25 7562.5 5000.0 10937.5 2125.0 2687.5 7125.0 8000.0 0.03 0.0
13906.25 2406.25 6687.5 10937.5 16875.0 2125.0 2687.5 6250.0 7125.0 0.03 0.0
13906.25 2406.25 7562.5 10937.5 16875.0 2125.0 2687.5 7125.0 8000.0 0.03 0.0
19843.75 1281.25 4937.5 16875.0 22812.5 1000.0 1562.5 4500.0 5375.0 0.03 0.0
19843.75 1281.25 5812.5 16875.0 22812.5 1000.0 1562.5 5375.0 6250.0 0.03 0.0
25781.25 1281.25 4937.5 22812.5 28750.0 1000.0 1562.5 4500.0 5375.0 0.03 0.0
25781.25 1281.25 5812.5 22812.5 28750.0 1000.0 1562.5 5375.0 6250.0 0.03 0.0
19843.75 1843.75 4937.5 16875.0 28750.0 1562.5 2125.0 4500.0 6250.0 0.03 0.0
19843.75 1281.25 6687.5 16875.0 22812.5 1000.0 1562.5 6250.0 7125.0 0.03 0.0
19843.75 1281.25 7562.5 16875.0 22812.5 1000.0 1562.5 7125.0 8000.0 0.03 0.0
25781.25 1281.25 6687.5 22812.5 28750.0 1000.0 1562.5 6250.0 7125.0 0.03 0.0
25781.25 1281.25 7562.5 22812.5 28750.0 1000.0 1562.5 7125.0 8000.0 0.03 0.0
19843.75 1843.75 6687.5 16875.0 28750.0 1562.5 2125.0 6250.0 8000.0 0.03 0.0
19843.75 2406.25 4937.5 16875.0 22812.5 2125.0 2687.5 4500.0 5375.0 0.03 0.0
25781.25 2406.25 4937.5 22812.5 28750.0 2125.0 2687.5 4500.0 5375.0 0.03 0.0
19843.75 2406.25 5812.5 16875.0 22812.5 2125.0 2687.5 5375.0 6250.0 0.03 0.0
25781.25 2406.25 5812.5 22812.5 28750.0 2125.0 2687.5 5375.0 6250.0 0.03 0.0
19843.75 2406.25 6687.5 16875.0 22812.5 2125.0 2687.5 6250.0 7125.0 0.03 0.0
25781.25 2406.25 6687.5 22812.5 28750.0 2125.0 2687.5 6250.0 7125.0 0.03 0.0
19843.75 2406.25 7562.5 16875.0 22812.5 2125.0 2687.5 7125.0 8000.0 0.03 0.0
25781.25 2406.25 7562.5 22812.5 28750.0 2125.0 2687.5 7125.0 8000.0 0.03 0.0
31718.75 1281.25 1437.5 28750.0 34687.5 1000.0 1562.5 1000.0 1875.0 0.03 0.0
31718.75 1281.25 2312.5 28750.0 34687.5 1000.0 1562.5 1875.0 2750.0 0.03 0.0
37656.25 1281.25 1437.5 34687.5 40625.0 1000.0 1562.5 1000.0 1875.0 0.03 0.0
37656.25 1281.25 2312.5 34687.5 40625.0 1000.0 1562.5 1875.0 2750.0 0.03 0.0
31718.75 1843.75 1437.5 28750.0 34687.5 1562.5 2125.0 1000.0 1875.0 0.03 0.0
37656.25 1843.75 1437.5 34687.5 40625.0 1562.5 2125.0 1000.0 1875.0 0.03 0.0
31718.75 1843.75 2312.5 28750.0 34687.5 1562.5 2125.0 1875.0 2750.0 0.03 0.0
37656.25 1843.75 2312.5 34687.5 40625.0 1562.5 2125.0 1875.0 2750.0 0.03 0.0
31718.75 1281.25 3187.5 28750.0 34687.5 1000.0 1562.5 2750.0 3625.0 0.03 0.0
31718.75 1281.25 4062.5 28750.0 34687.5 1000.0 1562.5 3625.0 4500.0 0.03 0.0
37656.25 1281.25 3187.5 34687.5 40625.0 1000.0 1562.5 2750.0 3625.0 0.03 0.0
37656.25 1281.25 4062.5 34687.5 40625.0 1000.0 1562.5 3625.0 4500.0 0.03 0.0
37656.25 1843.75 4062.5 28750.0 40625.0 1562.5 2125.0 2750.0 4500.0 0.03 0.0
43593.75 1281.25 1437.5 40625.0 46562.5 1000.0 1562.5 1000.0 1875.0 0.03 0.0
43593.75 1281.25 2312.5 40625.0 46562.5 1000.0 1562.5 1875.0 2750.0 0.03 0.0
49531.25 1281.25 1437.5 46562.5 52500.0 1000.0 1562.5 1000.0 1875.0 0.03 0.0
49531.25 1281.25 2312.5 46562.5 52500.0 1000.0 1562.5 1875.0 2750.0 0.03 0.0
43593.75 1843.75 1437.5 40625.0 46562.5 1562.5 2125.0 1000.0 1875.0 0.03 0.0
49531.25 1843.75 1437.5 46562.5 52500.0 1562.5 2125.0 1000.0 1875.0 0.03 0.0
49531.25 1843.75 2312.5 40625.0 52500.0 1562.5 2125.0 1875.0 2750.0 0.03 0.0
43593.75 1281.25 3187.5 40625.0 46562.5 1000.0 1562.5 2750.0 3625.0 0.03 0.0
43593.75 1281.25 4062.5 40625.0 46562.5 1000.0 1562.5 3625.0 4500.0 0.03 0.0
49531.25 1281.25 3187.5 46562.5 52500.0 1000.0 1562.5 2750.0 3625.0 0.03 0.0
49531.25 1281.25 4062.5 46562.5 52500.0 1000.0 1562.5 3625.0 4500.0 0.03 0.0
49531.25 1843.75 3187.5 40625.0 52500.0 1562.5 2125.0 2750.0 4500.0 0.03 0.0
31718.75 2406.25 2312.5 28750.0 34687.5 2125.0 2687.5 1875.0 2750.0 0.03 0.0
37656.25 2406.25 2312.5 34687.5 40625.0 2125.0 2687.5 1875.0 2750.0 0.03 0.0
43593.75 2406.25 2312.5 40625.0 46562.5 2125.0 2687.5 1875.0 2750.0 0.03 0.0
49531.25 2406.25 2312.5 46562.5 52500.0 2125.0 2687.5 1875.0 2750.0 0.03 0.0
31718.75 2406.25 3187.5 28750.0 34687.5 2125.0 2687.5 2750.0 3625.0 0.03 0.0
31718.75 2406.25 4062.5 28750.0 34687.5 2125.0 2687.5 3625.0 4500.0 0.03 0.0
37656.25 2406.25 3187.5 34687.5 40625.0 2125.0 2687.5 2750.0 3625.0 0.03 0.0
37656.25 2406.25 4062.5 34687.5 40625.0 2125.0 2687.5 3625.0 4500.0 0.03 0.0
43593.75 2406.25 3187.5 40625.0 46562.5 2125.0 2687.5 2750.0 3625.0 0.03 0.0
43593.75 2406.25 4062.5 40625.0 46562.5 2125.0 2687.5 3625.0 4500.0 0.03 0.0
49531.25 2406.25 3187.5 46562.5 52500.0 2125.0 2687.5 2750.0 3625.0 0.03 0.0
49531.25 2406.25 4062.5 46562.5 52500.0 2125.0 2687.5 3625.0 4500.0 0.03 0.0
31718.75 1281.25 4937.5 28750.0 34687.5 1000.0 1562.5 4500.0 5375.0 0.03 0.0
31718.75 1281.25 5812.5 28750.0 34687.5 1000.0 1562.5 5375.0 6250.0 0.03 0.0
37656.25 1281.25 4937.5 34687.5 40625.0 1000.0 1562.5 4500.0 5375.0 0.03 0.0
37656.25 1281.25 5812.5 34687.5 40625.0 1000.0 1562.5 5375.0 6250.0 0.03 0.0
37656.25 1843.75 5812.5 28750.0 40625.0 1562.5 2125.0 4500.0 6250.0 0.03 0.0
31718.75 1281.25 6687.5 28750.0 34687.5 1000.0 1562.5 6250.0 7125.0 0.03 0.0
31718.75 1281.25 7562.5 28750.0 34687.5 1000.0 1562.5 7125.0 8000.0 0.03 0.0
37656.25 1281.25 6687.5 34687.5 40625.0 1000.0 1562.5 6250.0 7125.0 0.03 0.0
37656.25 1281.25 7562.5 34687.5 40625.0 1000.0 1562.5 7125.0 8000.0 0.03 0.0
31718.75 1843.75 6687.5 28750.0 40625.0 1562.5 2125.0 6250.0 8000.0 0.03 0.0
43593.75 1281.25 4937.5 40625.0 46562.5 1000.0 1562.5 4500.0 5375.0 0.03 0.0
43593.75 1281.25 5812.5 40625.0 46562.5 1000.0 1562.5 5375.0 6250.0 0.03 0.0
49531.25 1281.25 4937.5 46562.5 52500.0 1000.0 1562.5 4500.0 5375.0 0.03 0.0
49531.25 1281.25 5812.5 46562.5 52500.0 1000.0 1562.5 5375.0 6250.0 0.03 0.0
49531.25 1843.75 4937.5 40625.0 52500.0 1562.5 2125.0 4500.0 6250.0 0.03 0.0
43593.75 1281.25 6687.5 40625.0 46562.5 1000.0 1562.5 6250.0 7125.0 0.03 0.0
43593.75 1281.25 7562.5 40625.0 46562.5 1000.0 1562.5 7125.0 8000.0 0.03 0.0
49531.25 1281.25 6687.5 46562.5 52500.0 1000.0 1562.5 6250.0 7125.0 0.03 0.0
49531.25 1281.25 7562.5 46562.5 52500.0 1000.0 1562.5 7125.0 8000.0 0.03 0.0
43593.75 1843.75 7562.5 40625.0 52500.0 1562.5 2125.0 6250.0 8000.0 0.03 0.0
31718.75 2406.25 4937.5 28750.0 34687.5 2125.0 2687.5 4500.0 5375.0 0.03 0.0
37656.25 2406.25 4937.5 34687.5 40625.0 2125.0 2687.5 4500.0 5375.0 0.03 0.0
31718.75 2406.25 5812.5 28750.0 34687.5 2125.0 2687.5 5375.0 6250.0 0.03 0.0
37656.25 2406.25 5812.5 34687.5 40625.0 2125.0 2687.5 5375.0 6250.0 0.03 0.0
43593.75 2406.25 4937.5 40625.0 46562.5 2125.0 2687.5 4500.0 5375.0 0.03 0.0
49531.25 2406.25 4937.5 46562.5 52500.0 2125.0 2687.5 4500.0 5375.0 0.03 0.0
43593.75 2406.25 5812.5 40625.0 46562.5 2125.0 2687.5 5375.0 6250.0 0.03 0.0
49531.25 2406.25 5812.5 46562.5 52500.0 2125.0 2687.5 5375.0 6250.0 0.03 0.0
31718.75 2406.25 6687.5 28750.0 34687.5 2125.0 2687.5 6250.0 7125.0 0.03 0.0
37656.25 2406.25 6687.5 34687.5 40625.0 2125.0 2687.5 6250.0 7125.0 0.03 0.0
31718.75 2406.25 7562.5 28750.0 34687.5 2125.0 2687.5 7125.0 8000.0 0.03 0.0
37656.25 2406.25 7562.5 34687.5 40625.0 2125.0 2687.5 7125.0 8000.0 0.03 0.0
43593.75 2406.25 6687.5 40625.0 46562.5 2125.0 2687.5 6250.0 7125.0 0.03 0.0
49531.25 2406.25 6687.5 46562.5 52500.0 2125.0 2687.5 6250.0 7125.0 0.03 0.0
43593.75 2406.25 7562.5 40625.0 46562.5 2125.0 2687.5 7125.0 8000.0 0.03 0.0
49531.25 2406.25 7562.5 46562.5 52500.0 2125.0 2687.5 7125.0 8000.0 0.03 0.0
7968.75 1281.25 8437.5 5000.0 10937.5 1000.0 1562.5 8000.0 8875.0 0.03 0.0
7968.75 1843.75 8437.5 5000.0 10937.5 1562.5 2125.0 8000.0 8875.0 0.03 0.0
7968.75 1843.75 9312.5 5000.0 10937.5 1562.5 2125.0 8875.0 9750.0 0.03 0.0
13906.25 1281.25 8437.5 10937.5 16875.0 1000.0 1562.5 8000.0 8875.0 0.03 0.0
13906.25 1843.75 8437.5 10937.5 16875.0 1562.5 2125.0 8000.0 8875.0 0.03 0.0
13906.25 1843.75 9312.5 10937.5 16875.0 1562.5 2125.0 8875.0 9750.0 0.03 0.0
7968.75 1843.75 10187.5 5000.0 10937.5 1562.5 2125.0 9750.0 10625.0 0.03 0.0
13906.25 1843.75 10187.5 10937.5 16875.0 1562.5 2125.0 9750.0 10625.0 0.03 0.0
13906.25 2406.25 8437.5 10937.5 16875.0 2125.0 2687.5 8000.0 8875.0 0.03 0.0
19843.75 1281.25 8437.5 16875.0 22812.5 1000.0 1562.5 8000.0 8875.0 0.03 0.0
25781.25 1281.25 8437.5 22812.5 28750.0 1000.0 1562.5 8000.0 8875.0 0.03 0.0
19843.75 1843.75 8437.5 16875.0 22812.5 1562.5 2125.0 8000.0 8875.0 0.03 0.0
19843.75 1843.75 9312.5 16875.0 22812.5 1562.5 2125.0 8875.0 9750.0 0.03 0.0
25781.25 1843.75 8437.5 22812.5 28750.0 1562.5 2125.0 8000.0 8875.0 0.03 0.0
25781.25 1843.75 9312.5 22812.5 28750.0 1562.5 2125.0 8875.0 9750.0 0.03 0.0
19843.75 1843.75 10187.5 16875.0 22812.5 1562.5 2125.0 9750.0 10625.0 0.03 0.0
25781.25 1843.75 10187.5 22812.5 28750.0 1562.5 2125.0 9750.0 10625.0 0.03 0.0
19843.75 2406.25 8437.5 16875.0 22812.5 2125.0 2687.5 8000.0 8875.0 0.03 0.0
25781.25 2406.25 8437.5 22812.5 28750.0 2125.0 2687.5 8000.0 8875.0 0.03 0.0
25781.25 2406.25 9312.5 22812.5 28750.0 2125.0 2687.5 8875.0 9750.0 0.03 0.0
31718.75 1281.25 8437.5 28750.0 34687.5 1000.0 1562.5 8000.0 8875.0 0.03 0.0
37656.25 1281.25 8437.5 34687.5 40625.0 1000.0 1562.5 8000.0 8875.0 0.03 0.0
31718.75 1843.75 8437.5 28750.0 34687.5 1562.5 2125.0 8000.0 8875.0 0.03 0.0
31718.75 1843.75 9312.5 28750.0 34687.5 1562.5 2125.0 8875.0 9750.0 0.03 0.0
37656.25 1843.75 8437.5 34687.5 40625.0 1562.5 2125.0 8000.0 8875.0 0.03 0.0
37656.25 1843.75 9312.5 34687.5 40625.0 1562.5 2125.0 8875.0 9750.0 0.03 0.0
31718.75 1843.75 10187.5 28750.0 34687.5 1562.5 2125.0 9750.0 10625.0 0.03 0.0
37656.25 1843.75 10187.5 34687.5 40625.0 1562.5 2125.0 9750.0 10625.0 0.03 0.0
43593.75 1281.25 8437.5 40625.0 46562.5 1000.0 1562.5 8000.0 8875.0 0.03 0.0
49531.25 1281.25 8437.5 46562.5 52500.0 1000.0 1562.5 8000.0 8875.0 0.03 0.0
43593.75 1843.75 8437.5 40625.0 46562.5 1562.5 2125.0 8000.0 8875.0 0.03 0.0
43593.75 1843.75 9312.5 40625.0 46562.5 1562.5 2125.0 8875.0 9750.0 0.03 0.0
49531.25 1843.75 8437.5 46562.5 52500.0 1562.5 2125.0 8000.0 8875.0 0.03 0.0
49531.25 1843.75 9312.5 46562.5 52500.0 1562.5 2125.0 8875.0 9750.0 0.03 0.0
43593.75 1843.75 10187.5 40625.0 46562.5 1562.5 2125.0 9750.0 10625.0 0.03 0.0
49531.25 1843.75 10187.5 46562.5 52500.0 1562.5 2125.0 9750.0 10625.0 0.03 0.0
31718.75 2406.25 8437.5 28750.0 34687.5 2125.0 2687.5 8000.0 8875.0 0.03 0.0
37656.25 2406.25 8437.5 34687.5 40625.0 2125.0 2687.5 8000.0 8875.0 0.03 0.0
31718.75 2406.25 9312.5 28750.0 34687.5 2125.0 2687.5 8875.0 9750.0 0.03 0.0
37656.25 2406.25 9312.5 34687.5 40625.0 2125.0 2687.5 8875.0 9750.0 0.03 0.0
31718.75 2406.25 10187.5 28750.0 34687.5 2125.0 2687.5 9750.0 10625.0 0.03 0.0
37656.25 2406.25 10187.5 34687.5 40625.0 2125.0 2687.5 9750.0 10625.0 0.03 0.0
43593.75 2406.25 8437.5 40625.0 46562.5 2125.0 2687.5 8000.0 8875.0 0.03 0.0
49531.25 2406.25 8437.5 46562.5 52500.0 2125.0 2687.5 8000.0 8875.0 0.03 0.0
43593.75 2406.25 9312.5 40625.0 46562.5 2125.0 2687.5 8875.0 9750.0 0.03 0.0
49531.25 2406.25 9312.5 46562.5 52500.0 2125.0 2687.5 8875.0 9750.0 0.03 0.0
43593.75 2406.25 10187.5 40625.0 46562.5 2125.0 2687.5 9750.0 10625.0 0.03 0.0
43593.75 2406.25 11062.5 40625.0 46562.5 2125.0 2687.5 10625.0 11500.0 0.03 0.0
49531.25 2406.25 10187.5 46562.5 52500.0 2125.0 2687.5 9750.0 10625.0 0.03 0.0
49531.25 2406.25 11062.5 46562.5 52500.0 2125.0 2687.5 10625.0 11500.0 0.03 0.0
55468.75 1281.25 1437.5 52500.0 58437.5 1000.0 1562.5 1000.0 1875.0 0.03 0.0
55468.75 1281.25 2312.5 52500.0 58437.5 1000.0 1562.5 1875.0 2750.0 0.03 0.0
61406.25 1281.25 1437.5 58437.5 64375.0 1000.0 1562.5 1000.0 1875.0 0.03 0.0
61406.25 1281.25 2312.5 58437.5 64375.0 1000.0 1562.5 1875.0 2750.0 0.03 0.0
55468.75 1843.75 1437.5 52500.0 58437.5 1562.5 2125.0 1000.0 1875.0 0.03 0.0
61406.25 1843.75 1437.5 58437.5 64375.0 1562.5 2125.0 1000.0 1875.0 0.03 0.0
55468.75 1843.75 2312.5 52500.0 58437.5 1562.5 2125.0 1875.0 2750.0 0.03 0.0
61406.25 1843.75 2312.5 58437.5 64375.0 1562.5 2125.0 1875.0 2750.0 0.03 0.0
55468.75 1281.25 3187.5 52500.0 58437.5 1000.0 1562.5 2750.0 3625.0 0.03 0.0
55468.75 1281.25 4062.5 52500.0 58437.5 1000.0 1562.5 3625.0 4500.0 0.03 0.0
61406.25 1281.25 3187.5 58437.5 64375.0 1000.0 1562.5 2750.0 3625.0 0.03 0.0
61406.25 1281.25 4062.5 58437.5 64375.0 1000.0 1562.5 3625.0 4500.0 0.03 0.0
61406.25 1843.75 3187.5 52500.0 64375.0 1562.5 2125.0 2750.0 4500.0 0.03 0.0
67343.75 1281.25 1437.5 64375.0 70312.5 1000.0 1562.5 1000.0 1875.0 0.03 0.0
67343.75 1281.25 2312.5 64375.0 70312.5 1000.0 1562.5 1875.0 2750.0 0.03 0.0
73281.25 1281.25 1437.5 70312.5 76250.0 1000.0 1562.5 1000.0 1875.0 0.03 0.0
73281.25 1281.25 2312.5 70312.5 76250.0 1000.0 1562.5 1875.0 2750.0 0.03 0.0
67343.75 1843.75 1437.5 64375.0 70312.5 1562.5 2125.0 1000.0 1875.0 0.03 0.0
73281.25 1843.75 1437.5 70312.5 76250.0 1562.5 2125.0 1000.0 1875.0 0.03 0.0
73281.25 1843.75 2312.5 64375.0 76250.0 1562.5 2125.0 1875.0 2750.0 0.03 0.0
67343.75 1281.25 3187.5 64375.0 70312.5 1000.0 1562.5 2750.0 3625.0 0.03 0.0
67343.75 1281.25 4062.5 64375.0 70312.5 1000.0 1562.5 3625.0 4500.0 0.03 0.0
73281.25 1281.25 3187.5 70312.5 76250.0 1000.0 1562.5 2750.0 3625.0 0.03 0.0
73281.25 1281.25 4062.5 70312.5 76250.0 1000.0 1562.5 3625.0 4500.0 0.03 0.0
67343.75 1843.75 4062.5 64375.0 76250.0 1562.5 2125.0 2750.0 4500.0 0.03 0.0
55468.75 2406.25 2312.5 52500.0 58437.5 2125.0 2687.5 1875.0 2750.0 0.03 0.0
61406.25 2406.25 2312.5 58437.5 64375.0 2125.0 2687.5 1875.0 2750.0 0.03 0.0
67343.75 2406.25 2312.5 64375.0 70312.5 2125.0 2687.5 1875.0 2750.0 0.03 0.0
73281.25 2406.25 2312.5 70312.5 76250.0 2125.0 2687.5 1875.0 2750.0 0.03 0.0
55468.75 2406.25 3187.5 52500.0 58437.5 2125.0 2687.5 2750.0 3625.0 0.03 0.0
55468.75 2406.25 4062.5 52500.0 58437.5 2125.0 2687.5 3625.0 4500.0 0.03 0.0
61406.25 2406.25 3187.5 58437.5 64375.0 2125.0 2687.5 2750.0 3625.0 0.03 0.0
61406.25 2406.25 4062.5 58437.5 64375.0 2125.0 2687.5 3625.0 4500.0 0.03 0.0
67343.75 2406.25 3187.5 64375.0 70312.5 2125.0 2687.5 2750.0 3625.0 0.03 0.0
67343.75 2406.25 4062.5 64375.0 70312.5 2125.0 2687.5 3625.0 4500.0 0.03 0.0
73281.25 2406.25 3187.5 70312.5 76250.0 2125.0 2687.5 2750.0 3625.0 0.03 0.0
73281.25 2406.25 4062.5 70312.5 76250.0 2125.0 2687.5 3625.0 4500.0 0.03 0.0
55468.75 1281.25 4937.5 52500.0 58437.5 1000.0 1562.5 4500.0 5375.0 0.03 0.0
55468.75 1281.25 5812.5 52500.0 58437.5 1000.0 1562.5 5375.0 6250.0 0.03 0.0
61406.25 1281.25 4937.5 58437.5 64375.0 1000.0 1562.5 4500.0 5375.0 0.03 0.0
61406.25 1281.25 5812.5 58437.5 64375.0 1000.0 1562.5 5375.0 6250.0 0.03 0.0
55468.75 1843.75 5812.5 52500.0 64375.0 1562.5 2125.0 4500.0 6250.0 0.03 0.0
55468.75 1281.25 6687.5 52500.0 58437.5 1000.0 1562.5 6250.0 7125.0 0.03 0.0
55468.75 1281.25 7562.5 52500.0 58437.5 1000.0 1562.5 7125.0 8000.0 0.03 0.0
61406.25 1281.25 6687.5 58437.5 64375.0 1000.0 1562.5 6250.0 7125.0 0.03 0.0
61406.25 1281.25 7562.5 58437.5 64375.0 1000.0 1562.5 7125.0 8000.0 0.03 0.0
55468.75 1843.75 6687.5 52500.0 64375.0 1562.5 2125.0 6250.0 8000.0 0.03 0.0
67343.75 1281.25 4937.5 64375.0 70312.5 1000.0 1562.5 4500.0 5375.0 0.03 0.0
67343.75 1281.25 5812.5 64375.0 70312.5 1000.0 1562.5 5375.0 6250.0 0.03 0.0
73281.25 1281.25 4937.5 70312.5 76250.0 1000.0 1562.5 4500.0 5375.0 0.03 0.0
73281.25 1281.25 5812.5 70312.5 76250.0 1000.0 1562.5 5375.0 6250.0 0.03 0.0
73281.25 1843.75 5812.5 64375.0 76250.0 1562.5 2125.0 4500.0 6250.0 0.03 0.0
67343.75 1281.25 6687.5 64375.0 70312.5 1000.0 1562.5 6250.0 7125.0 0.03 0.0
67343.75 1281.25 7562.5 64375.0 70312.5 1000.0 1562.5 7125.0 8000.0 0.03 0.0
73281.25 1281.25 6687.5 70312.5 76250.0 1000.0 1562.5 6250.0 7125.0 0.03 0.0
73281.25 1281.25 7562.5 70312.5 76250.0 1000.0 1562.5 7125.0 8000.0 0.03 0.0
67343.75 1843.75 6687.5 64375.0 76250.0 1562.5 2125.0 6250.0 8000.0 0.03 0.0
55468.75 2406.25 4937.5 52500.0 58437.5 2125.0 2687.5 4500.0 5375.0 0.03 0.0
61406.25 2406.25 4937.5 58437.5 64375.0 2125.0 2687.5 4500.0 5375.0 0.03 0.0
55468.75 2406.25 5812.5 52500.0 58437.5 2125.0 2687.5 5375.0 6250.0 0.03 0.0
61406.25 2406.25 5812.5 58437.5 64375.0 2125.0 2687.5 5375.0 6250.0 0.03 0.0
67343.75 2406.25 4937.5 64375.0 70312.5 2125.0 2687.5 4500.0 5375.0 0.03 0.0
73281.25 2406.25 4937.5 70312.5 76250.0 2125.0 2687.5 4500.0 5375.0 0.03 0.0
67343.75 2406.25 5812.5 64375.0 70312.5 2125.0 2687.5 5375.0 6250.0 0.03 0.0
73281.25 2406.25 5812.5 70312.5 76250.0 2125.0 2687.5 5375.0 6250.0 0.03 0.0
55468.75 2406.25 6687.5 52500.0 58437.5 2125.0 2687.5 6250.0 7125.0 0.03 0.0
61406.25 2406.25 6687.5 58437.5 64375.0 2125.0 2687.5 6250.0 7125.0 0.03 0.0
55468.75 2406.25 7562.5 52500.0 58437.5 2125.0 2687.5 7125.0 8000.0 0.03 0.0
61406.25 2406.25 7562.5 58437.5 64375.0 2125.0 2687.5 7125.0 8000.0 0.03 0.0
67343.75 2406.25 6687.5 64375.0 70312.5 2125.0 2687.5 6250.0 7125.0 0.03 0.0
73281.25 2406.25 6687.5 70312.5 76250.0 2125.0 2687.5 6250.0 7125.0 0.03 0.0
67343.75 2406.25 7562.5 64375.0 70312.5 2125.0 2687.5 7125.0 8000.0 0.03 0.0
73281.25 2406.25 7562.5 70312.5 76250.0 2125.0 2687.5 7125.0 8000.0 0.03 0.0
79218.75 1281.25 1437.5 76250.0 82187.5 1000.0 1562.5 1000.0 1875.0 0.03 0.0
79218.75 1281.25 2312.5 76250.0 82187.5 1000.0 1562.5 1875.0 2750.0 0.03 0.0
85156.25 1281.25 1437.5 82187.5 88125.0 1000.0 1562.5 1000.0 1875.0 0.03 0.0
85156.25 1281.25 2312.5 82187.5 88125.0 1000.0 1562.5 1875.0 2750.0 0.03 0.0
79218.75 1843.75 1437.5 76250.0 82187.5 1562.5 2125.0 1000.0 1875.0 0.03 0.0
85156.25 1843.75 1437.5 82187.5 88125.0 1562.5 2125.0 1000.0 1875.0 0.03 0.0
85156.25 1843.75 2312.5 76250.0 88125.0 1562.5 2125.0 1875.0 2750.0 0.03 0.0
79218.75 1281.25 3187.5 76250.0 82187.5 1000.0 1562.5 2750.0 3625.0 0.03 0.0
79218.75 1281.25 4062.5 76250.0 82187.5 1000.0 1562.5 3625.0 4500.0 0.03 0.0
85156.25 1281.25 3187.5 82187.5 88125.0 1000.0 1562.5 2750.0 3625.0 0.03 0.0
85156.25 1281.25 4062.5 82187.5 88125.0 1000.0 1562.5 3625.0 4500.0 0.03 0.0
79218.75 1843.75 3187.5 76250.0 88125.0 1562.5 2125.0 2750.0 4500.0 0.03 0.0
79218.75 2406.25 2312.5 76250.0 82187.5 2125.0 2687.5 1875.0 2750.0 0.03 0.0
85156.25 2406.25 2312.5 82187.5 88125.0 2125.0 2687.5 1875.0 2750.0 0.03 0.0
79218.75 2406.25 3187.5 76250.0 82187.5 2125.0 2687.5 2750.0 3625.0 0.03 0.0
79218.75 2406.25 4062.5 76250.0 82187.5 2125.0 2687.5 3625.0 4500.0 0.03 0.0
85156.25 2406.25 3187.5 82187.5 88125.0 2125.0 2687.5 2750.0 3625.0 0.03 0.0
85156.25 2406.25 4062.5 82187.5 88125.0 2125.0 2687.5 3625.0 4500.0 0.03 0.0
91093.75 1281.25 1437.5 88125.0 94062.5 1000.0 1562.5 1000.0 1875.0 0.03 0.0
91093.75 1281.25 2312.5 88125.0 94062.5 1000.0 1562.5 1875.0 2750.0 0.03 0.0
91093.75 1843.75 1437.5 88125.0 94062.5 1562.5 2125.0 1000.0 1875.0 0.03 0.0
91093.75 1843.75 2312.5 88125.0 94062.5 1562.5 2125.0 1875.0 2750.0 0.03 0.0
97031.25 1281.25 1437.5 94062.5 100000.0 1000.0 1562.5 1000.0 1875.0 0.03 0.0
97031.25 1281.25 2312.5 94062.5 100000.0 1000.0 1562.5 1875.0 2750.0 0.03 0.0
97031.25 1843.75 1437.5 94062.5 100000.0 1562.5 2125.0 1000.0 1875.0 0.03 0.0
97031.25 1843.75 2312.5 94062.5 100000.0 1562.5 2125.0 1875.0 2750.0 0.03 0.0
91093.75 1281.25 3187.5 88125.0 94062.5 1000.0 1562.5 2750.0 3625.0 0.03 0.0
91093.75 1281.25 4062.5 88125.0 94062.5 1000.0 1562.5 3625.0 4500.0 0.03 0.0
91093.75 1843.75 3187.5 88125.0 94062.5 1562.5 2125.0 2750.0 4500.0 0.03 0.0
97031.25 1281.25 3187.5 94062.5 100000.0 1000.0 1562.5 2750.0 3625.0 0.03 0.0
97031.25 1281.25 4062.5 94062.5 100000.0 1000.0 1562.5 3625.0 4500.0 0.03 0.0
97031.25 1843.75 3187.5 94062.5 100000.0 1562.5 2125.0 2750.0 3625.0 0.03 0.0
97031.25 1843.75 4062.5 94062.5 100000.0 1562.5 2125.0 3625.0 4500.0 0.03 0.0
91093.75 2406.25 2312.5 88125.0 94062.5 2125.0 2687.5 1875.0 2750.0 0.03 0.0
97031.25 2406.25 2312.5 94062.5 100000.0 2125.0 2687.5 1875.0 2750.0 0.03 0.0
91093.75 2406.25 3187.5 88125.0 94062.5 2125.0 2687.5 2750.0 3625.0 0.03 0.0
91093.75 2406.25 4062.5 88125.0 94062.5 2125.0 2687.5 3625.0 4500.0 0.03 0.0
97031.25 2406.25 3187.5 94062.5 100000.0 2125.0 2687.5 2750.0 3625.0 0.03 0.0
97031.25 2406.25 4062.5 94062.5 100000.0 2125.0 2687.5 3625.0 4500.0 0.03 0.0
79218.75 1281.25 4937.5 76250.0 82187.5 1000.0 1562.5 4500.0 5375.0 0.03 0.0
79218.75 1281.25 5812.5 76250.0 82187.5 1000.0 1562.5 5375.0 6250.0 0.03 0.0
85156.25 1281.25 4937.5 82187.5 88125.0 1000.0 1562.5 4500.0 5375.0 0.03 0.0
85156.25 1281.25 5812.5 82187.5 88125.0 1000.0 1562.5 5375.0 6250.0 0.03 0.0
85156.25 1843.75 4937.5 76250.0 88125.0 1562.5 2125.0 4500.0 6250.0 0.03 0.0
79218.75 1281.25 6687.5 76250.0 82187.5 1000.0 1562.5 6250.0 7125.0 0.03 0.0
79218.75 1281.25 7562.5 76250.0 82187.5 1000.0 1562.5 7125.0 8000.0 0.03 0.0
85156.25 1281.25 6687.5 82187.5 88125.0 1000.0 1562.5 6250.0 7125.0 0.03 0.0
85156.25 1281.25 7562.5 82187.5 88125.0 1000.0 1562.5 7125.0 8000.0 0.03 0.0
79218.75 1843.75 6687.5 76250.0 88125.0 1562.5 2125.0 6250.0 8000.0 0.03 0.0
79218.75 2406.25 4937.5 76250.0 82187.5 2125.0 2687.5 4500.0 5375.0 0.03 0.0
85156.25 2406.25 4937.5 82187.5 88125.0 2125.0 2687.5 4500.0 5375.0 0.03 0.0
79218.75 2406.25 5812.5 76250.0 82187.5 2125.0 2687.5 5375.0 6250.0 0.03 0.0
85156.25 2406.25 5812.5 82187.5 88125.0 2125.0 2687.5 5375.0 6250.0 0.03 0.0
79218.75 2406.25 6687.5 76250.0 82187.5 2125.0 2687.5 6250.0 7125.0 0.03 0.0
85156.25 2406.25 6687.5 82187.5 88125.0 2125.0 2687.5 6250.0 7125.0 0.03 0.0
79218.75 2406.25 7562.5 76250.0 82187.5 2125.0 2687.5 7125.0 8000.0 0.03 0.0
85156.25 2406.25 7562.5 82187.5 88125.0 2125.0 2687.5 7125.0 8000.0 0.03 0.0
91093.75 1281.25 4937.5 88125.0 94062.5 1000.0 1562.5 4500.0 5375.0 0.03 0.0
91093.75 1281.25 5812.5 88125.0 94062.5 1000.0 1562.5 5375.0 6250.0 0.03 0.0
91093.75 1843.75 5812.5 88125.0 94062.5 1562.5 2125.0 4500.0 6250.0 0.03 0.0
97031.25 1281.25 4937.5 94062.5 100000.0 1000.0 1562.5 4500.0 5375.0 0.03 0.0
97031.25 1281.25 5812.5 94062.5 100000.0 1000.0 1562.5 5375.0 6250.0 0.03 0.0
97031.25 1843.75 4937.5 94062.5 100000.0 1562.5 2125.0 4500.0 5375.0 0.03 0.0
97031.25 1843.75 5812.5 94062.5 100000.0 1562.5 2125.0 5375.0 6250.0 0.03 0.0
91093.75 1281.25 6687.5 88125.0 94062.5 1000.0 1562.5 6250.0 7125.0 0.03 0.0
91093.75 1281.25 7562.5 88125.0 94062.5 1000.0 1562.5 7125.0 8000.0 0.03 0.0
91093.75 1843.75 7562.5 88125.0 94062.5 1562.5 2125.0 6250.0 8000.0 0.03 0.0
97031.25 1281.25 6687.5 94062.5 100000.0 1000.0 1562.5 6250.0 7125.0 0.03 0.0
97031.25 1281.25 7562.5 94062.5 100000.0 1000.0 1562.5 7125.0 8000.0 0.03 0.0
97031.25 1843.75 6687.5 94062.5 100000.0 1562.5 2125.0 6250.0 7125.0 0.03 0.0
97031.25 1843.75 7562.5 94062.5 100000.0 1562.5 2125.0 7125.0 8000.0 0.03 0.0
91093.75 2406.25 4937.5 88125.0 94062.5 2125.0 2687.5 4500.0 5375.0 0.03 0.0
91093.75 2406.25 5812.5 88125.0 94062.5 2125.0 2687.5 5375.0 6250.0 0.03 0.0
97031.25 2406.25 4937.5 94062.5 100000.0 2125.0 2687.5 4500.0 5375.0 0.03 0.0
97031.25 2406.25 5812.5 94062.5 100000.0 2125.0 2687.5 5375.0 6250.0 0.03 0.0
91093.75 2406.25 6687.5 88125.0 94062.5 2125.0 2687.5 6250.0 7125.0 0.03 0.0
91093.75 2406.25 7562.5 88125.0 94062.5 2125.0 2687.5 7125.0 8000.0 0.03 0.0
97031.25 2406.25 6687.5 94062.5 100000.0 2125.0 2687.5 6250.0 7125.0 0.03 0.0
97031.25 2406.25 7562.5 94062.5 100000.0 2125.0 2687.5 7125.0 8000.0 0.03 0.0
55468.75 1281.25 8437.5 52500.0 58437.5 1000.0 1562.5 8000.0 8875.0 0.03 0.0
61406.25 1281.25 8437.5 58437.5 64375.0 1000.0 1562.5 8000.0 8875.0 0.03 0.0
55468.75 1843.75 8437.5 52500.0 58437.5 1562.5 2125.0 8000.0 8875.0 0.03 0.0
55468.75 1843.75 9312.5 52500.0 58437.5 1562.5 2125.0 8875.0 9750.0 0.03 0.0
61406.25 1843.75 8437.5 58437.5 64375.0 1562.5 2125.0 8000.0 8875.0 0.03 0.0
61406.25 1843.75 9312.5 58437.5 64375.0 1562.5 2125.0 8875.0 9750.0 0.03 0.0
55468.75 1843.75 10187.5 52500.0 58437.5 1562.5 2125.0 9750.0 10625.0 0.03 0.0
61406.25 1843.75 10187.5 58437.5 64375.0 1562.5 2125.0 9750.0 10625.0 0.03 0.0
67343.75 1281.25 8437.5 64375.0 70312.5 1000.0 1562.5 8000.0 8875.0 0.03 0.0
73281.25 1281.25 8437.5 70312.5 76250.0 1000.0 1562.5 8000.0 8875.0 0.03 0.0
67343.75 1843.75 8437.5 64375.0 70312.5 1562.5 2125.0 8000.0 8875.0 0.03 0.0
67343.75 1843.75 9312.5 64375.0 70312.5 1562.5 2125.0 8875.0 9750.0 0.03 0.0
73281.25 1843.75 8437.5 70312.5 76250.0 1562.5 2125.0 8000.0 8875.0 0.03 0.0
73281.25 1843.75 9312.5 70312.5 76250.0 1562.5 2125.0 8875.0 9750.0 0.03 0.0
67343.75 1843.75 10187.5 64375.0 70312.5 1562.5 2125.0 9750.0 10625.0 0.03 0.0
73281.25 1843.75 10187.5 70312.5 76250.0 1562.5 2125.0 9750.0 10625.0 0.03 0.0
55468.75 2406.25 8437.5 52500.0 58437.5 2125.0 2687.5 8000.0 8875.0 0.03 0.0
61406.25 2406.25 8437.5 58437.5 64375.0 2125.0 2687.5 8000.0 8875.0 0.03 0.0
55468.75 2406.25 9312.5 52500.0 58437.5 2125.0 2687.5 8875.0 9750.0 0.03 0.0
61406.25 2406.25 9312.5 58437.5 64375.0 2125.0 2687.5 8875.0 9750.0 0.03 0.0
55468.75 2406.25 10187.5 52500.0 58437.5 2125.0 2687.5 9750.0 10625.0 0.03 0.0
55468.75 2406.25 11062.5 52500.0 58437.5 2125.0 2687.5 10625.0 11500.0 0.03 0.0
61406.25 2406.25 10187.5 58437.5 64375.0 2125.0 2687.5 9750.0 10625.0 0.03 0.0
61406.25 2406.25 11062.5 58437.5 64375.0 2125.0 2687.5 10625.0 11500.0 0.03 0.0
67343.75 2406.25 8437.5 64375.0 70312.5 2125.0 2687.5 8000.0 8875.0 0.03 0.0
73281.25 2406.25 8437.5 70312.5 76250.0 2125.0 2687.5 8000.0 8875.0 0.03 0.0
67343.75 2406.25 9312.5 64375.0 70312.5 2125.0 2687.5 8875.0 9750.0 0.03 0.0
73281.25 2406.25 9312.5 70312.5 76250.0 2125.0 2687.5 8875.0 9750.0 0.03 0.0
67343.75 2406.25 10187.5 64375.0 70312.5 2125.0 2687.5 9750.0 10625.0 0.03 0.0
67343.75 2406.25 11062.5 64375.0 70312.5 2125.0 2687.5 10625.0 11500.0 0.03 0.0
73281.25 2406.25 10187.5 70312.5 76250.0 2125.0 2687.5 9750.0 10625.0 0.03 0.0
73281.25 2406.25 11062.5 70312.5 76250.0 2125.0 2687.5 10625.0 11500.0 0.03 0.0
55468.75 2406.25 11937.5 52500.0 58437.5 2125.0 2687.5 11500.0 12375.0 0.03 0.0
61406.25 2406.25 11937.5 58437.5 64375.0 2125.0 2687.5 11500.0 12375.0 0.03 0.0
67343.75 2406.25 11937.5 64375.0 70312.5 2125.0 2687.5 11500.0 12375.0 0.03 0.0
73281.25 2406.25 11937.5 70312.5 76250.0 2125.0 2687.5 11500.0 12375.0 0.03 0.0
79218.75 1281.25 8437.5 76250.0 82187.5 1000.0 1562.5 8000.0 8875.0 0.03 0.0
85156.25 1281.25 8437.5 82187.5 88125.0 1000.0 1562.5 8000.0 8875.0 0.03 0.0
79218.75 1843.75 8437.5 76250.0 82187.5 1562.5 2125.0 8000.0 8875.0 0.03 0.0
79218.75 1843.75 9312.5 76250.0 82187.5 1562.5 2125.0 8875.0 9750.0 0.03 0.0
85156.25 1843.75 8437.5 82187.5 88125.0 1562.5 2125.0 8000.0 8875.0 0.03 0.0
85156.25 1843.75 9312.5 82187.5 88125.0 1562.5 2125.0 8875.0 9750.0 0.03 0.0
79218.75 1843.75 10187.5 76250.0 82187.5 1562.5 2125.0 9750.0 10625.0 0.03 0.0
85156.25 1843.75 10187.5 82187.5 88125.0 1562.5 2125.0 9750.0 10625.0 0.03 0.0
79218.75 2406.25 8437.5 76250.0 82187.5 2125.0 2687.5 8000.0 8875.0 0.03 0.0
85156.25 2406.25 8437.5 82187.5 88125.0 2125.0 2687.5 8000.0 8875.0 0.03 0.0
79218.75 2406.25 9312.5 76250.0 82187.5 2125.0 2687.5 8875.0 9750.0 0.03 0.0
85156.25 2406.25 9312.5 82187.5 88125.0 2125.0 2687.5 8875.0 9750.0 0.03 0.0
79218.75 2406.25 10187.5 76250.0 82187.5 2125.0 2687.5 9750.0 10625.0 0.03 0.0
79218.75 2406.25 11062.5 76250.0 82187.5 2125.0 2687.5 10625.0 11500.0 0.03 0.0
85156.25 2406.25 10187.5 82187.5 88125.0 2125.0 2687.5 9750.0 10625.0 0.03 0.0
85156.25 2406.25 11062.5 82187.5 88125.0 2125.0 2687.5 10625.0 11500.0 0.03 0.0
91093.75 1281.25 8437.5 88125.0 94062.5 1000.0 1562.5 8000.0 8875.0 0.03 0.0
91093.75 1843.75 8437.5 88125.0 94062.5 1562.5 2125.0 8000.0 8875.0 0.03 0.0
91093.75 1843.75 9312.5 88125.0 94062.5 1562.5 2125.0 8875.0 9750.0 0.03 0.0
97031.25 1281.25 8437.5 94062.5 100000.0 1000.0 1562.5 8000.0 8875.0 0.03 0.0
97031.25 1843.75 8437.5 94062.5 100000.0 1562.5 2125.0 8000.0 8875.0 0.03 0.0
97031.25 1843.75 9312.5 94062.5 100000.0 1562.5 2125.0 8875.0 9750.0 0.03 0.0
91093.75 1843.75 10187.5 88125.0 94062.5 1562.5 2125.0 9750.0 10625.0 0.03 0.0
97031.25 1843.75 10187.5 94062.5 100000.0 1562.5 2125.0 9750.0 10625.0 0.03 0.0
91093.75 2406.25 8437.5 88125.0 94062.5 2125.0 2687.5 8000.0 8875.0 0.03 0.0
91093.75 2406.25 9312.5 88125.0 94062.5 2125.0 2687.5 8875.0 9750.0 0.03 0.0
97031.25 2406.25 8437.5 94062.5 100000.0 2125.0 2687.5 8000.0 8875.0 0.03 0.0
97031.25 2406.25 9312.5 94062.5 100000.0 2125.0 2687.5 8875.0 9750.0 0.03 0.0
91093.75 2406.25 10187.5 88125.0 94062.5 2125.0 2687.5 9750.0 10625.0 0.03 0.0
91093.75 2406.25 11062.5 88125.0 94062.5 2125.0 2687.5 10625.0 11500.0 0.03 0.0
97031.25 2406.25 10187.5 94062.5 100000.0 2125.0 2687.5 9750.0 10625.0 0.03 0.0
97031.25 2406.25 11062.5 94062.5 100000.0 2125.0 2687.5 10625.0 11500.0 0.03 0.0
79218.75 2406.25 11937.5 76250.0 82187.5 2125.0 2687.5 11500.0 12375.0 0.03 0.0
85156.25 2406.25 11937.5 82187.5 88125.0 2125.0 2687.5 11500.0 12375.0 0.03 0.0
91093.75 2406.25 11937.5 88125.0 94062.5 2125.0 2687.5 11500.0 12375.0 0.03 0.0
97031.25 2406.25 11937.5 94062.5 100000.0 2125.0 2687.5 11500.0 12375.0 0.03 0.0
